v -19.945181 -0.790684 -9.037560
v -15.956145 -0.790684 -9.037560
v -11.967109 -0.790684 -9.037560
v -7.978072 -0.790684 -9.037560
v -3.989036 -0.790684 -9.037560
v 0.000000 -0.790684 -9.037560
v 3.989037 -0.790684 -9.037560
v 7.978072 -0.790684 -9.037560
v 11.967109 -0.790684 -9.037560
v 15.956146 -0.790684 -9.037560
v 19.945181 -0.790684 -9.037560
v -19.945181 -0.632549 -7.230048
v -15.956145 -0.632549 -7.230048
v -11.967109 -0.632549 -7.230048
v -7.978072 -0.632549 -7.230048
v -3.989036 -0.632549 -7.230048
v 0.000000 -0.632549 -7.230048
v 3.989037 -0.632549 -7.230048
v 7.978072 -0.632549 -7.230048
v 11.967109 -0.632549 -7.230048
v 15.956146 -0.632549 -7.230048
v 19.945181 -0.632549 -7.230048
v -19.945181 -0.474409 -5.422536
v -15.956145 -0.474409 -5.422536
v -11.967109 -0.474409 -5.422536
v -7.978072 -0.474409 -5.422536
v -3.989036 -0.474409 -5.422536
v 0.000000 -0.474409 -5.422536
v 3.989037 -0.474409 -5.422536
v 7.978072 -0.474409 -5.422536
v 11.967109 -0.474409 -5.422536
v 15.956146 -0.474409 -5.422536
v 19.945181 -0.474409 -5.422536
v -19.945181 -0.316274 -3.615024
v -15.956145 -0.316274 -3.615024
v -11.967109 -0.316274 -3.615024
v -7.978072 -0.316274 -3.615024
v -3.989036 -0.316274 -3.615024
v 0.000000 -0.316274 -3.615024
v 3.989037 -0.316274 -3.615024
v 7.978072 -0.316274 -3.615024
v 11.967109 -0.316274 -3.615024
v 15.956146 -0.316274 -3.615024
v 19.945181 -0.316274 -3.615024
v -19.945181 -0.158137 -1.807512
v -15.956145 -0.158137 -1.807512
v -11.967109 -0.158137 -1.807512
v -7.978072 -0.158137 -1.807512
v -3.989036 -0.158137 -1.807512
v 0.000000 -0.158137 -1.807512
v 3.989037 -0.158137 -1.807512
v 7.978072 -0.158137 -1.807512
v 11.967109 -0.158137 -1.807512
v 15.956146 -0.158137 -1.807512
v 19.945181 -0.158137 -1.807512
v -19.945181 0.000000 0.000000
v -15.956145 0.000000 0.000000
v -11.967109 0.000000 0.000000
v -7.978072 0.000000 0.000000
v -3.989036 0.000000 0.000000
v 0.000000 0.000000 0.000000
v 3.989037 0.000000 0.000000
v 7.978072 0.000000 0.000000
v 11.967109 0.000000 0.000000
v 15.956146 0.000000 0.000000
v 19.945181 0.000000 0.000000
v -19.945181 0.158137 1.807512
v -15.956145 0.158137 1.807512
v -11.967109 0.158137 1.807512
v -7.978072 0.158137 1.807512
v -3.989036 0.158137 1.807512
v 0.000000 0.158137 1.807512
v 3.989037 0.158137 1.807512
v 7.978072 0.158137 1.807512
v 11.967109 0.158137 1.807512
v 15.956146 0.158137 1.807512
v 19.945181 0.158137 1.807512
v -19.945181 0.316274 3.615024
v -15.956145 0.316274 3.615024
v -11.967109 0.316274 3.615024
v -7.978072 0.316274 3.615024
v -3.989036 0.316274 3.615024
v 0.000000 0.316274 3.615024
v 3.989037 0.316274 3.615024
v 7.978072 0.316274 3.615024
v 11.967109 0.316274 3.615024
v 15.956146 0.316274 3.615024
v 19.945181 0.316274 3.615024
v -19.945181 0.474409 5.422536
v -15.956145 0.474409 5.422536
v -11.967109 0.474409 5.422536
v -7.978072 0.474409 5.422536
v -3.989036 0.474409 5.422536
v 0.000000 0.474409 5.422536
v 3.989037 0.474409 5.422536
v 7.978072 0.474409 5.422536
v 11.967109 0.474409 5.422536
v 15.956146 0.474409 5.422536
v 19.945181 0.474409 5.422536
v -19.945181 0.632548 7.230049
v -15.956145 0.632548 7.230049
v -11.967109 0.632548 7.230049
v -7.978072 0.632548 7.230049
v -3.989036 0.632548 7.230049
v 0.000000 0.632548 7.230049
v 3.989037 0.632548 7.230049
v 7.978072 0.632548 7.230049
v 11.967109 0.632548 7.230049
v 15.956146 0.632548 7.230049
v 19.945181 0.632548 7.230049
v -19.945181 0.790684 9.037560
v -15.956145 0.790684 9.037560
v -11.967109 0.790684 9.037560
v -7.978072 0.790684 9.037560
v -3.989036 0.790684 9.037560
v 0.000000 0.790684 9.037560
v 3.989037 0.790684 9.037560
v 7.978072 0.790684 9.037560
v 11.967109 0.790684 9.037560
v 15.956146 0.790684 9.037560
v 19.945181 0.790684 9.037560