vn -0.028695 -0.390938 -0.919970
vn 0.182095 -0.439907 -0.879388
vn -0.059257 -0.481253 -0.874576
vn -0.038553 -0.569676 -0.820965
vn 0.166518 -0.648111 -0.743117
vn -0.049765 -0.652461 -0.756186
vn -0.006257 -0.723887 -0.689890
vn 0.069677 -0.772485 -0.631199
vn 0.161978 -0.781785 -0.602143
vn 0.283635 -0.758227 -0.587064
vn 0.373974 -0.611487 -0.697299
vn 0.372500 -0.722680 -0.582218
vn 0.452536 -0.683992 -0.572160
vn 0.516004 -0.610534 -0.600822
vn 0.534546 -0.526145 -0.661386
vn 0.404912 -0.442529 -0.800134
vn 0.560302 -0.442057 -0.700463
vn 0.544277 -0.360185 -0.757647
vn 0.496431 -0.282676 -0.820762
vn 0.405824 -0.266661 -0.874185
vn 0.330100 -0.230204 -0.915446
vn 0.229879 -0.225535 -0.946726
vn 0.126555 -0.252172 -0.959371
vn 0.035563 -0.310047 -0.950056
vn -0.219188 -0.286867 -0.932558
vn -0.280506 -0.425875 -0.860202
vn -0.292414 -0.567328 -0.769827
vn -0.253747 -0.697379 -0.670279
vn -0.173174 -0.812451 -0.556718
vn -0.045840 -0.869376 -0.492020
vn 0.185660 -0.856713 -0.481220
vn 0.361142 -0.814251 -0.454502
vn 0.533343 -0.715478 -0.451261
vn 0.622055 -0.612770 -0.487402
vn 0.674436 -0.491819 -0.550682
vn 0.677070 -0.378136 -0.631340
vn 0.641424 -0.263403 -0.720551
vn 0.614932 -0.111152 -0.780707
vn 0.484329 -0.013405 -0.874783
vn 0.354347 0.009796 -0.935063
vn 0.180961 -0.011553 -0.983422
vn 0.023419 -0.069045 -0.997339
vn -0.114462 -0.163912 -0.979812
vn 0.113219 -0.919931 -0.375378
vn 0.255919 -0.911637 -0.321594
vn 0.455175 -0.856335 -0.243937
vn 0.602368 -0.764993 -0.227901
vn 0.747055 -0.599651 -0.286928
vn 0.822117 -0.421184 -0.383050
vn 0.774601 -0.285160 -0.564515
vn 0.756590 -0.161742 -0.633570
vn -0.460045 -0.117532 -0.880082
vn -0.545432 -0.315058 -0.776687
vn -0.560597 -0.515578 -0.648005
vn -0.515176 -0.706144 -0.485752
vn -0.395717 -0.846098 -0.357109
vn -0.146486 -0.932766 -0.329376
vn 0.040378 -0.977217 -0.208369
vn 0.279811 -0.951170 -0.130309
vn 0.443153 -0.893064 0.077802
vn 0.896197 -0.166681 -0.411154
vn 0.797415 -0.032793 -0.602539
vn 0.694373 0.096366 -0.713134
vn 0.561997 0.268778 -0.782252
vn 0.341864 0.290091 -0.893855
vn 0.091842 0.283911 -0.954442
vn -0.112190 0.204622 -0.972391
vn -0.312798 0.057663 -0.948068
vn -0.244663 -0.955772 -0.163216
vn -0.017280 -0.999817 0.008184
vn 0.254387 -0.967097 -0.003135
vn 0.680617 -0.729783 0.064623
vn 0.846989 -0.531447 -0.013175
vn 0.950017 -0.296760 -0.096962
vn 0.886378 0.138124 -0.441878
vn 0.740150 0.235023 -0.630033
vn -0.679545 0.083149 -0.728907
vn -0.782673 -0.158674 -0.601868
vn -0.789704 -0.404587 -0.461169
vn -0.717386 -0.640120 -0.274959
vn -0.507460 -0.841631 -0.184774
vn -0.386027 -0.919561 0.073422
vn 0.163686 -0.971296 0.172599
vn 0.991392 0.030791 -0.127254
vn 0.754862 0.423495 -0.500834
vn 0.527661 0.455490 -0.717010
vn 0.295175 0.508521 -0.808875
vn 0.034061 0.571814 -0.819676
vn -0.245382 0.443702 -0.861926
vn -0.501760 0.283234 -0.817322
vn -0.631197 -0.774200 -0.046963
vn -0.136454 -0.924378 0.356237
vn 0.203251 -0.905404 0.372738
vn 0.482819 -0.821136 0.304339
vn 0.675055 -0.635831 0.374191
vn 0.864533 -0.412400 0.287245
vn 0.970454 -0.111349 0.214060
vn 0.893254 0.435679 -0.110819
vn 0.556669 0.589624 -0.585203
vn 0.292305 0.666760 -0.685558
vn -0.833925 0.306625 -0.458857
vn -0.938157 0.012787 -0.345973
vn -0.893714 -0.332241 -0.301483
vn -0.832150 -0.545039 -0.102265
vn -0.710657 -0.688273 0.145763
vn -0.525189 -0.722461 0.449697
vn 0.380561 -0.788261 0.483546
vn 0.923448 0.275615 0.266985
vn 0.709117 0.638000 -0.300183
vn 0.506600 0.702323 -0.500099
vn 0.216417 0.835689 -0.504766
vn -0.079397 0.705641 -0.704107
vn -0.347640 0.609268 -0.712699
vn -0.624577 0.471488 -0.622578
vn -0.971381 -0.211065 -0.108950
vn -0.882285 -0.470256 0.020789
vn 0.061343 -0.735548 0.674690
vn 0.424077 -0.686373 0.590805
vn 0.624306 -0.483030 0.613942
vn 0.801331 -0.247782 0.544494
vn 0.493373 0.824697 -0.276512
vn -0.124471 0.852127 -0.508317
vn -0.433842 0.758856 -0.485715
vn -0.915540 -0.378914 0.134946
vn -0.790592 -0.485918 0.372622
vn -0.288513 -0.690854 0.662934
vn 0.311457 -0.565077 0.763991
vn 0.843636 0.058236 0.533748
vn 0.684846 0.725838 -0.064387
vn -0.675583 0.599371 -0.429350
vn -0.867729 0.473562 -0.150951
vn -0.975510 0.218904 -0.021464
vn -0.988229 -0.027299 0.150525
vn -0.921086 -0.282336 0.268117
vn 0.533789 -0.344658 0.772192
vn 0.692052 -0.133251 0.709442
vn 0.780833 0.593467 0.195187
vn 0.589864 0.806267 0.044660
vn 0.359113 0.930272 -0.075045
vn 0.092613 0.982488 -0.161682
vn -0.214697 0.951251 -0.221419
vn -0.676120 0.666235 -0.314631
vn -0.904072 -0.177600 0.388732
vn -0.753212 -0.368003 0.545203
vn -0.569057 -0.414403 0.710242
vn -0.300091 -0.458630 0.836423
vn -0.027440 -0.437490 0.898804
vn 0.259514 -0.411464 0.873699
vn 0.450033 -0.213834 0.867033
vn 0.619477 -0.007447 0.784980
vn 0.734245 0.214514 0.644103
vn 0.754539 0.431348 0.494580
vn 0.662314 0.663127 0.348716
vn 0.466214 0.840367 0.276456
vn -0.483501 0.862790 -0.147716
vn -0.693486 0.707573 -0.135713
vn -0.805150 0.571342 0.159068
vn -0.892177 0.364317 0.267009
vn -0.901611 0.170224 0.397645
vn -0.834258 -0.020243 0.551003
vn -0.737074 -0.223758 0.637694
vn 0.158444 -0.252605 0.954508
vn 0.302556 -0.046430 0.952000
vn 0.464044 0.139378 0.874779
vn 0.562677 0.325309 0.759979
vn 0.573060 0.525507 0.628843
vn 0.557179 0.695289 0.454009
vn 0.200296 0.956796 0.210766
vn -0.022540 0.990158 0.138125
vn -0.245229 0.963396 0.108310
vn -0.676696 0.736043 0.017997
vn -0.690522 -0.093143 0.717289
vn -0.527988 -0.186789 0.828455
vn -0.333147 -0.229178 0.914599
vn -0.115963 -0.197629 0.973394
vn 0.058181 -0.100886 0.993195
vn 0.444449 0.702378 0.555996
vn 0.262838 0.829115 0.493441
vn -0.474021 0.859225 0.192451
vn -0.643864 0.745825 0.170835
vn -0.669374 0.606569 0.428966
vn -0.732714 0.460592 0.500984
vn -0.739185 0.319706 0.592785
vn -0.694564 0.198919 0.691384
vn -0.599080 0.101488 0.794232
vn -0.470081 0.031192 0.882072
vn -0.317362 -0.073962 0.945416
vn -0.176945 0.031634 0.983712
vn -0.006713 0.088585 0.996046
vn 0.127448 0.175905 0.976122
vn 0.239952 0.306906 0.920995
vn 0.305225 0.434647 0.847301
vn 0.299976 0.576847 0.759778
vn 0.301678 0.712032 0.634035
vn 0.032598 0.877370 0.478707
vn -0.122785 0.905234 0.406787
vn -0.276018 0.878626 0.389655
vn -0.599633 0.734573 0.317559
vn -0.337921 0.104796 0.935322
vn 0.167258 0.698796 0.695492
vn 0.094770 0.770087 0.630860
vn -0.418352 0.799245 0.431496
vn -0.514413 0.716397 0.471332
vn -0.540203 0.591765 0.598327
vn -0.553252 0.508673 0.659669
vn -0.577403 0.411876 0.704957
vn -0.548591 0.330515 0.767990
vn -0.485400 0.271820 0.830964
vn -0.412042 0.259546 0.873417
vn -0.304942 0.242143 0.921074
vn -0.207824 0.248863 0.945979
vn -0.104235 0.268193 0.957709
vn -0.018803 0.330823 0.943506
vn 0.037667 0.414707 0.909175
vn 0.040299 0.509033 0.859803
vn 0.065259 0.585798 0.807825
vn 0.032504 0.668072 0.743387
vn -0.023788 0.737972 0.674412
vn -0.095079 0.776947 0.622346
vn -0.195471 0.783881 0.589340
vn -0.269972 0.764484 0.585388
vn -0.381476 0.720006 0.579713
vn -0.479942 0.662582 0.575014
vn -0.390800 0.601004 0.697187
vn -0.423029 0.450108 0.786415
vn -0.346984 0.391013 0.852473
vn -0.278073 0.386544 0.879351
vn -0.152710 0.437630 0.886092
vn -0.138001 0.633499 0.761337
vn -0.276880 0.663889 0.694686
vn 0.275106 -0.539030 -0.796093
vn -0.277361 0.526261 0.803816
vn -0.030819 -0.390842 -0.919942
vn 0.122271 -0.483489 -0.866769
vn -0.070312 -0.479315 -0.874822
vn -0.046998 -0.574256 -0.817326
vn 0.167454 -0.651040 -0.740342
vn -0.049245 -0.652304 -0.756356
vn -0.005743 -0.723584 -0.690212
vn 0.070078 -0.772071 -0.631661
vn 0.162182 -0.781337 -0.602668
vn 0.284827 -0.755891 -0.589493
vn 0.386656 -0.589422 -0.709281
vn 0.371356 -0.720252 -0.585946
vn 0.452569 -0.683642 -0.572551
vn 0.518945 -0.610666 -0.598150
vn 0.553157 -0.527489 -0.644805
vn 0.534212 -0.449773 -0.715767
vn 0.335305 -0.402366 -0.851864
vn 0.532387 -0.369120 -0.761783
vn 0.494671 -0.283242 -0.821629
vn 0.429386 -0.229590 -0.873451
vn 0.333604 -0.210315 -0.918954
vn 0.231942 -0.226462 -0.946001
vn 0.143942 -0.286107 -0.947324
vn 0.042327 -0.317953 -0.947161
vn -0.219188 -0.286867 -0.932558
vn -0.280506 -0.425875 -0.860202
vn -0.292414 -0.567328 -0.769827
vn -0.253747 -0.697379 -0.670280
vn -0.173174 -0.812451 -0.556718
vn -0.045839 -0.869377 -0.492020
vn 0.185660 -0.856713 -0.481220
vn 0.361142 -0.814251 -0.454502
vn 0.533343 -0.715478 -0.451261
vn 0.622055 -0.612770 -0.487402
vn 0.674436 -0.491819 -0.550682
vn 0.677070 -0.378136 -0.631339
vn 0.641424 -0.263402 -0.720551
vn 0.614932 -0.111152 -0.780707
vn 0.484329 -0.013406 -0.874783
vn 0.354346 0.009797 -0.935063
vn 0.180961 -0.011552 -0.983423
vn 0.023419 -0.069046 -0.997339
vn -0.114462 -0.163912 -0.979812
vn 0.113220 -0.919931 -0.375378
vn 0.255919 -0.911638 -0.321594
vn 0.455175 -0.856335 -0.243938
vn 0.602367 -0.764993 -0.227902
vn 0.747055 -0.599651 -0.286928
vn 0.822118 -0.421184 -0.383050
vn 0.774601 -0.285160 -0.564515
vn 0.756590 -0.161742 -0.633570
vn -0.460045 -0.117532 -0.880082
vn -0.545431 -0.315058 -0.776687
vn -0.560597 -0.515579 -0.648005
vn -0.515176 -0.706144 -0.485752
vn -0.395717 -0.846098 -0.357108
vn -0.146486 -0.932767 -0.329376
vn 0.040378 -0.977217 -0.208369
vn 0.279811 -0.951171 -0.130309
vn 0.438403 -0.895045 0.081839
vn 0.896197 -0.166681 -0.411154
vn 0.797415 -0.032794 -0.602539
vn 0.694372 0.096365 -0.713135
vn 0.561997 0.268778 -0.782252
vn 0.341863 0.290091 -0.893855
vn 0.091842 0.283912 -0.954442
vn -0.112190 0.204623 -0.972390
vn -0.312798 0.057663 -0.948068
vn -0.244663 -0.955772 -0.163216
vn -0.020669 -0.999476 0.024915
vn 0.254388 -0.967097 -0.003135
vn 0.680618 -0.729783 0.064622
vn 0.846989 -0.531447 -0.013175
vn 0.950017 -0.296760 -0.096962
vn 0.886378 0.138124 -0.441878
vn 0.740150 0.235023 -0.630034
vn -0.679544 0.083149 -0.728907
vn -0.782673 -0.158675 -0.601869
vn -0.789704 -0.404587 -0.461170
vn -0.717386 -0.640120 -0.274960
vn -0.507460 -0.841631 -0.184774
vn -0.383712 -0.919645 0.083772
vn 0.144607 -0.970285 0.194003
vn 0.991392 0.030791 -0.127254
vn 0.754862 0.423495 -0.500834
vn 0.527661 0.455489 -0.717010
vn 0.295175 0.508520 -0.808875
vn 0.034061 0.571814 -0.819676
vn -0.245382 0.443702 -0.861926
vn -0.501760 0.283234 -0.817322
vn -0.631197 -0.774200 -0.046962
vn -0.207215 -0.852931 0.479135
vn 0.198889 -0.881100 0.429076
vn 0.475795 -0.825105 0.304665
vn 0.675055 -0.635831 0.374191
vn 0.864533 -0.412400 0.287245
vn 0.970453 -0.111349 0.214060
vn 0.893254 0.435679 -0.110818
vn 0.556669 0.589624 -0.585204
vn 0.292304 0.666759 -0.685558
vn -0.833925 0.306625 -0.458858
vn -0.938157 0.012787 -0.345974
vn -0.893713 -0.332242 -0.301483
vn -0.832150 -0.545040 -0.102265
vn -0.710657 -0.688273 0.145763
vn -0.544990 -0.709212 0.447219
vn 0.433289 -0.772758 0.463794
vn 0.923447 0.275615 0.266985
vn 0.709117 0.638000 -0.300183
vn 0.506600 0.702323 -0.500099
vn 0.216417 0.835689 -0.504766
vn -0.079397 0.705641 -0.704107
vn -0.347640 0.609267 -0.712699
vn -0.624576 0.471488 -0.622578
vn -0.971381 -0.211065 -0.108949
vn -0.882285 -0.470256 0.020791
vn 0.392154 -0.698237 0.598899
vn 0.624306 -0.483030 0.613942
vn 0.801330 -0.247782 0.544494
vn 0.493373 0.824697 -0.276511
vn -0.124471 0.852127 -0.508317
vn -0.433842 0.758855 -0.485716
vn -0.915540 -0.378914 0.134948
vn -0.790593 -0.485918 0.372622
vn 0.040602 -0.683915 0.728431
vn 0.310088 -0.561655 0.767066
vn 0.843636 0.058236 0.533748
vn 0.684846 0.725838 -0.064386
vn -0.675583 0.599371 -0.429352
vn -0.867729 0.473562 -0.150950
vn -0.975510 0.218905 -0.021463
vn -0.988229 -0.027299 0.150526
vn -0.921087 -0.282335 0.268117
vn 0.533789 -0.344658 0.772192
vn 0.692052 -0.133251 0.709442
vn 0.780833 0.593467 0.195187
vn 0.589864 0.806267 0.044660
vn 0.359113 0.930272 -0.075045
vn 0.092612 0.982488 -0.161682
vn -0.214698 0.951251 -0.221419
vn -0.676120 0.666235 -0.314632
vn -0.904072 -0.177600 0.388732
vn -0.753211 -0.368002 0.545204
vn -0.555195 -0.430187 0.711827
vn -0.318269 -0.480326 0.817308
vn -0.024614 -0.428083 0.903404
vn 0.259514 -0.411464 0.873699
vn 0.450033 -0.213834 0.867032
vn 0.619477 -0.007447 0.784980
vn 0.734245 0.214514 0.644103
vn 0.754539 0.431348 0.494580
vn 0.662314 0.663127 0.348715
vn 0.466214 0.840367 0.276456
vn -0.483501 0.862790 -0.147716
vn -0.693485 0.707574 -0.135713
vn -0.805149 0.571342 0.159070
vn -0.892176 0.364317 0.267010
vn -0.901611 0.170224 0.397645
vn -0.834257 -0.020243 0.551003
vn -0.737074 -0.223757 0.637695
vn 0.158445 -0.252605 0.954508
vn 0.302556 -0.046430 0.952000
vn 0.464044 0.139378 0.874779
vn 0.562678 0.325309 0.759979
vn 0.573060 0.525508 0.628843
vn 0.557179 0.695289 0.454009
vn 0.200297 0.956796 0.210765
vn -0.022540 0.990158 0.138125
vn -0.245228 0.963396 0.108309
vn -0.676696 0.736043 0.017998
vn -0.690522 -0.093143 0.717289
vn -0.527989 -0.186789 0.828455
vn -0.333147 -0.229179 0.914598
vn -0.115963 -0.197628 0.973394
vn 0.058180 -0.100886 0.993195
vn 0.444448 0.702378 0.555996
vn 0.262838 0.829115 0.493441
vn -0.474020 0.859225 0.192450
vn -0.643864 0.745825 0.170835
vn -0.669374 0.606569 0.428967
vn -0.732714 0.460593 0.500984
vn -0.739185 0.319705 0.592785
vn -0.694565 0.198919 0.691384
vn -0.599080 0.101489 0.794231
vn -0.470082 0.031191 0.882072
vn -0.317362 -0.073963 0.945416
vn -0.176944 0.031634 0.983712
vn -0.006714 0.088585 0.996046
vn 0.127448 0.175905 0.976122
vn 0.239951 0.306907 0.920995
vn 0.305225 0.434647 0.847301
vn 0.299976 0.576847 0.759778
vn 0.301679 0.712032 0.634035
vn 0.032598 0.877370 0.478707
vn -0.122786 0.905234 0.406787
vn -0.276018 0.878626 0.389654
vn -0.599633 0.734572 0.317559
vn -0.337921 0.104797 0.935322
vn 0.167258 0.698796 0.695492
vn 0.094770 0.770088 0.630860
vn -0.418352 0.799245 0.431497
vn -0.514413 0.716397 0.471333
vn -0.542243 0.590874 0.597361
vn -0.580562 0.500777 0.642005
vn -0.580975 0.410969 0.702547
vn -0.543982 0.335134 0.769265
vn -0.478240 0.281829 0.831781
vn -0.416887 0.267090 0.868831
vn -0.304941 0.242143 0.921074
vn -0.206311 0.251599 0.945586
vn -0.105023 0.270278 0.957037
vn -0.017053 0.329648 0.943950
vn 0.043317 0.412018 0.910145
vn 0.067437 0.503745 0.861216
vn 0.037887 0.581165 0.812903
vn 0.027442 0.666809 0.744724
vn -0.025030 0.737562 0.674816
vn -0.093905 0.778417 0.620685
vn -0.194293 0.786567 0.586142
vn -0.272702 0.765019 0.583420
vn -0.385980 0.710665 0.588196
vn -0.474170 0.658018 0.584957
vn -0.418369 0.514846 0.748265
vn -0.356523 0.394403 0.846958
vn -0.275075 0.387902 0.879697
vn -0.138064 0.456532 0.878930
vn -0.149661 0.648599 0.746271
vn -0.292007 0.655254 0.696688
vn 0.262134 -0.536766 -0.801978
vn -0.267164 0.526698 0.806978
vn -0.022105 -0.396184 -0.917905
vn 0.106407 -0.550706 -0.827889
vn -0.071933 -0.479916 -0.874361
vn -0.084323 -0.570185 -0.817177
vn -0.056204 -0.652829 -0.755418
vn 0.030745 -0.708000 -0.705543
vn 0.303135 -0.640790 -0.705335
vn 0.082518 -0.760495 -0.644079
vn 0.164486 -0.779895 -0.603911
vn 0.283485 -0.779395 -0.558731
vn 0.375313 -0.730069 -0.571086
vn 0.450977 -0.684089 -0.573273
vn 0.508042 -0.609771 -0.608336
vn 0.526194 -0.531317 -0.663945
vn 0.407102 -0.447301 -0.796360
vn 0.560302 -0.442057 -0.700462
vn 0.544278 -0.360184 -0.757647
vn 0.496430 -0.282675 -0.820763
vn 0.412523 -0.260495 -0.872907
vn 0.238449 -0.392066 -0.888497
vn 0.331559 -0.217946 -0.917915
vn 0.229242 -0.218679 -0.948487
vn 0.129171 -0.254905 -0.958300
vn 0.057493 -0.340304 -0.938556
vn -0.219189 -0.286867 -0.932558
vn -0.280507 -0.425875 -0.860202
vn -0.292415 -0.567327 -0.769827
vn -0.253748 -0.697379 -0.670279
vn -0.173174 -0.812451 -0.556717
vn -0.045840 -0.869376 -0.492020
vn 0.185660 -0.856713 -0.481220
vn 0.361141 -0.814251 -0.454502
vn 0.533343 -0.715477 -0.451262
vn 0.622055 -0.612770 -0.487402
vn 0.683486 -0.478014 -0.551679
vn 0.659339 -0.369231 -0.654935
vn 0.641302 -0.263397 -0.720662
vn 0.614932 -0.111151 -0.780707
vn 0.484329 -0.013405 -0.874783
vn 0.354346 0.009797 -0.935063
vn 0.180961 -0.011552 -0.983423
vn 0.023419 -0.069045 -0.997339
vn -0.114462 -0.163911 -0.979812
vn 0.113220 -0.919930 -0.375379
vn 0.255919 -0.911637 -0.321594
vn 0.455175 -0.856336 -0.243938
vn 0.602368 -0.764993 -0.227902
vn 0.773433 -0.560619 -0.295818
vn 0.805860 -0.353236 -0.475199
vn 0.756572 -0.161499 -0.633654
vn -0.460046 -0.117532 -0.880082
vn -0.545432 -0.315058 -0.776687
vn -0.560597 -0.515578 -0.648004
vn -0.515176 -0.706144 -0.485751
vn -0.395717 -0.846098 -0.357108
vn -0.146486 -0.932767 -0.329375
vn 0.040378 -0.977217 -0.208368
vn 0.279811 -0.951171 -0.130309
vn 0.438403 -0.895045 0.081839
vn 0.895640 -0.163089 -0.413801
vn 0.797415 -0.032793 -0.602539
vn 0.694373 0.096365 -0.713134
vn 0.561997 0.268778 -0.782251
vn 0.341863 0.290092 -0.893855
vn 0.091842 0.283912 -0.954442
vn -0.112190 0.204623 -0.972390
vn -0.312798 0.057664 -0.948068
vn -0.244663 -0.955772 -0.163216
vn -0.020669 -0.999476 0.024914
vn 0.254388 -0.967097 -0.003136
vn 0.680617 -0.729784 0.064623
vn 0.854646 -0.517258 -0.045002
vn 0.933672 -0.331509 -0.135495
vn 0.886378 0.138123 -0.441878
vn 0.740150 0.235022 -0.630034
vn -0.679545 0.083150 -0.728907
vn -0.782673 -0.158674 -0.601868
vn -0.789704 -0.404587 -0.461169
vn -0.717386 -0.640120 -0.274960
vn -0.507460 -0.841631 -0.184775
vn -0.383712 -0.919645 0.083772
vn 0.144607 -0.970285 0.194002
vn 0.990854 0.028467 -0.131901
vn 0.754862 0.423495 -0.500835
vn 0.527660 0.455490 -0.717010
vn 0.295175 0.508521 -0.808875
vn 0.034061 0.571814 -0.819676
vn -0.245383 0.443702 -0.861926
vn -0.501760 0.283234 -0.817322
vn -0.631197 -0.774200 -0.046963
vn -0.207215 -0.852931 0.479135
vn 0.198889 -0.881100 0.429076
vn 0.475795 -0.825105 0.304666
vn 0.675055 -0.635831 0.374191
vn 0.865309 -0.414047 0.282499
vn 0.975186 -0.131693 0.177962
vn 0.893255 0.435678 -0.110819
vn 0.556669 0.589624 -0.585204
vn 0.292305 0.666759 -0.685558
vn -0.833925 0.306625 -0.458858
vn -0.938157 0.012787 -0.345973
vn -0.893713 -0.332242 -0.301483
vn -0.832150 -0.545040 -0.102265
vn -0.710657 -0.688273 0.145763
vn -0.544990 -0.709212 0.447219
vn 0.433289 -0.772758 0.463795
vn 0.930432 0.262498 0.255716
vn 0.709117 0.638000 -0.300183
vn 0.506600 0.702323 -0.500099
vn 0.216417 0.835689 -0.504766
vn -0.079398 0.705641 -0.704107
vn -0.347640 0.609267 -0.712700
vn -0.624576 0.471488 -0.622579
vn -0.971381 -0.211065 -0.108949
vn -0.882285 -0.470256 0.020791
vn 0.392154 -0.698237 0.598899
vn 0.624306 -0.483030 0.613941
vn 0.807461 -0.255194 0.531867
vn 0.862999 0.034680 0.504015
vn 0.493372 0.824697 -0.276511
vn -0.124471 0.852127 -0.508318
vn -0.433842 0.758855 -0.485716
vn -0.915540 -0.378914 0.134948
vn -0.790593 -0.485918 0.372622
vn 0.040601 -0.683915 0.728431
vn 0.310088 -0.561655 0.767065
vn 0.684846 0.725838 -0.064386
vn -0.675583 0.599371 -0.429351
vn -0.867728 0.473562 -0.150950
vn -0.975510 0.218905 -0.021463
vn -0.988229 -0.027299 0.150526
vn -0.921087 -0.282335 0.268116
vn 0.533789 -0.344659 0.772191
vn 0.695529 -0.127984 0.707008
vn 0.780833 0.593467 0.195187
vn 0.589864 0.806267 0.044660
vn 0.359113 0.930272 -0.075044
vn 0.092613 0.982488 -0.161682
vn -0.214697 0.951251 -0.221419
vn -0.676120 0.666234 -0.314632
vn -0.904072 -0.177600 0.388732
vn -0.753211 -0.368002 0.545204
vn -0.555195 -0.430187 0.711827
vn -0.318269 -0.480325 0.817308
vn -0.024614 -0.428082 0.903405
vn 0.259514 -0.411464 0.873699
vn 0.450033 -0.213834 0.867032
vn 0.626152 -0.005301 0.779683
vn 0.740192 0.203226 0.640948
vn 0.754539 0.431348 0.494580
vn 0.662314 0.663127 0.348715
vn 0.466214 0.840367 0.276456
vn -0.483502 0.862790 -0.147715
vn -0.693486 0.707573 -0.135712
vn -0.805149 0.571343 0.159070
vn -0.892176 0.364317 0.267011
vn -0.901611 0.170223 0.397645
vn -0.834258 -0.020243 0.551003
vn -0.737073 -0.223758 0.637695
vn 0.158444 -0.252605 0.954508
vn 0.302556 -0.046430 0.952000
vn 0.464044 0.139378 0.874778
vn 0.562677 0.325309 0.759979
vn 0.573060 0.525508 0.628843
vn 0.557179 0.695290 0.454009
vn 0.200296 0.956796 0.210766
vn -0.022540 0.990158 0.138125
vn -0.245228 0.963396 0.108310
vn -0.676696 0.736043 0.017998
vn -0.690523 -0.093143 0.717289
vn -0.527989 -0.186789 0.828455
vn -0.333147 -0.229179 0.914599
vn -0.115963 -0.197628 0.973394
vn 0.058180 -0.100886 0.993195
vn 0.444449 0.702378 0.555995
vn 0.262838 0.829115 0.493441
vn -0.474021 0.859225 0.192450
vn -0.643864 0.745825 0.170835
vn -0.669374 0.606569 0.428967
vn -0.732714 0.460592 0.500984
vn -0.739185 0.319705 0.592785
vn -0.694565 0.198919 0.691384
vn -0.599080 0.101489 0.794231
vn -0.470082 0.031191 0.882072
vn -0.317362 -0.073963 0.945416
vn -0.176945 0.031634 0.983712
vn -0.006714 0.088585 0.996046
vn 0.127448 0.175906 0.976122
vn 0.239951 0.306906 0.920995
vn 0.305225 0.434647 0.847301
vn 0.299976 0.576847 0.759778
vn 0.301678 0.712032 0.634035
vn 0.032597 0.877370 0.478707
vn -0.122786 0.905234 0.406787
vn -0.276018 0.878626 0.389654
vn -0.599632 0.734573 0.317559
vn -0.337921 0.104797 0.935322
vn 0.167258 0.698796 0.695492
vn 0.094771 0.770087 0.630860
vn -0.418352 0.799245 0.431496
vn -0.514413 0.716397 0.471332
vn -0.542364 0.590922 0.597205
vn -0.580374 0.500839 0.642126
vn -0.580584 0.411171 0.702753
vn -0.543636 0.335412 0.769389
vn -0.478076 0.282024 0.831809
vn -0.417195 0.267251 0.868634
vn -0.304941 0.242143 0.921075
vn -0.206311 0.251600 0.945586
vn -0.105024 0.270278 0.957037
vn -0.017053 0.329647 0.943950
vn 0.043317 0.412018 0.910145
vn 0.067437 0.503746 0.861216
vn 0.037735 0.581234 0.812861
vn 0.027339 0.666789 0.744745
vn -0.024981 0.737603 0.674773
vn -0.093797 0.778533 0.620555
vn -0.194227 0.786705 0.585978
vn -0.272862 0.765033 0.583327
vn -0.385891 0.710969 0.587887
vn -0.474453 0.658221 0.584499
vn -0.417975 0.515343 0.748144
vn -0.356710 0.394472 0.846847
vn -0.275074 0.387901 0.879697
vn -0.138054 0.456647 0.878871
vn -0.149736 0.648791 0.746090
vn -0.291372 0.655555 0.696671
vn 0.265442 -0.525275 -0.808472
vn -0.266417 0.526843 0.807130
vn -0.022559 -0.393909 -0.918873
vn 0.195169 -0.421996 -0.885341
vn -0.027743 -0.493391 -0.869365
vn 0.176385 -0.638452 -0.749178
vn -0.062617 -0.570316 -0.819035
vn -0.052621 -0.653222 -0.755336
vn -0.008038 -0.724860 -0.688850
vn 0.068589 -0.773608 -0.629941
vn 0.161343 -0.783334 -0.600298
vn 0.282015 -0.771105 -0.570845
vn 0.359508 -0.706980 -0.609043
vn 0.402244 -0.574415 -0.712915
vn 0.449454 -0.681439 -0.577609
vn 0.517653 -0.610149 -0.599795
vn 0.555079 -0.526910 -0.643625
vn 0.544276 -0.447592 -0.709524
vn 0.392833 -0.423009 -0.816545
vn 0.541068 -0.362492 -0.758845
vn 0.496504 -0.282051 -0.820933
vn 0.406482 -0.261589 -0.875411
vn 0.330464 -0.226511 -0.916235
vn 0.229388 -0.222398 -0.947587
vn 0.126508 -0.251474 -0.959561
vn 0.038175 -0.312121 -0.949275
vn -0.219187 -0.286867 -0.932558
vn -0.280506 -0.425875 -0.860202
vn -0.292414 -0.567328 -0.769827
vn -0.253747 -0.697379 -0.670279
vn -0.173173 -0.812451 -0.556718
vn -0.045839 -0.869376 -0.492020
vn 0.185660 -0.856713 -0.481221
vn 0.361141 -0.814251 -0.454502
vn 0.533343 -0.715478 -0.451262
vn 0.622055 -0.612770 -0.487402
vn 0.674435 -0.491819 -0.550682
vn 0.677070 -0.378136 -0.631340
vn 0.641425 -0.263402 -0.720551
vn 0.614932 -0.111153 -0.780707
vn 0.484329 -0.013407 -0.874783
vn 0.354347 0.009796 -0.935063
vn 0.180961 -0.011554 -0.983422
vn 0.023420 -0.069046 -0.997339
vn -0.114462 -0.163912 -0.979812
vn 0.113220 -0.919931 -0.375378
vn 0.255920 -0.911637 -0.321593
vn 0.455175 -0.856335 -0.243938
vn 0.602368 -0.764993 -0.227901
vn 0.747055 -0.599651 -0.286928
vn 0.822118 -0.421184 -0.383050
vn 0.774601 -0.285160 -0.564516
vn 0.756590 -0.161741 -0.633570
vn -0.460045 -0.117532 -0.880082
vn -0.545431 -0.315058 -0.776687
vn -0.560597 -0.515579 -0.648005
vn -0.515176 -0.706144 -0.485752
vn -0.395717 -0.846098 -0.357109
vn -0.146486 -0.932767 -0.329376
vn 0.040378 -0.977217 -0.208368
vn 0.279811 -0.951171 -0.130309
vn 0.443153 -0.893064 0.077802
vn 0.896197 -0.166681 -0.411154
vn 0.797415 -0.032794 -0.602539
vn 0.694372 0.096365 -0.713135
vn 0.561998 0.268778 -0.782251
vn 0.341863 0.290091 -0.893855
vn 0.091842 0.283912 -0.954442
vn -0.112189 0.204622 -0.972391
vn -0.312798 0.057663 -0.948068
vn -0.244663 -0.955772 -0.163216
vn -0.015410 -0.999881 -0.000890
vn 0.254388 -0.967097 -0.003135
vn 0.680618 -0.729783 0.064622
vn 0.846989 -0.531447 -0.013175
vn 0.950017 -0.296760 -0.096961
vn 0.886378 0.138124 -0.441878
vn 0.740150 0.235022 -0.630034
vn -0.679545 0.083149 -0.728907
vn -0.782673 -0.158675 -0.601868
vn -0.789704 -0.404587 -0.461169
vn -0.717386 -0.640120 -0.274960
vn -0.507460 -0.841631 -0.184775
vn -0.384787 -0.920406 0.069227
vn 0.173469 -0.970380 0.168141
vn 0.991392 0.030791 -0.127255
vn 0.754862 0.423495 -0.500834
vn 0.527661 0.455490 -0.717010
vn 0.295175 0.508520 -0.808875
vn 0.034061 0.571813 -0.819676
vn -0.245382 0.443702 -0.861926
vn -0.501760 0.283234 -0.817322
vn -0.631196 -0.774200 -0.046963
vn -0.136915 -0.946239 0.293063
vn 0.166668 -0.904250 0.393133
vn 0.482819 -0.821136 0.304339
vn 0.675056 -0.635831 0.374190
vn 0.864532 -0.412400 0.287245
vn 0.970454 -0.111349 0.214059
vn 0.893254 0.435679 -0.110819
vn 0.556669 0.589624 -0.585204
vn 0.292305 0.666759 -0.685558
vn -0.833925 0.306625 -0.458858
vn -0.938157 0.012787 -0.345973
vn -0.893713 -0.332242 -0.301483
vn -0.832150 -0.545040 -0.102265
vn -0.710656 -0.688274 0.145763
vn -0.520205 -0.731761 0.440354
vn 0.380561 -0.788262 0.483546
vn 0.923448 0.275615 0.266985
vn 0.709116 0.638000 -0.300183
vn 0.506601 0.702323 -0.500099
vn 0.216417 0.835689 -0.504766
vn -0.079397 0.705641 -0.704107
vn -0.347640 0.609267 -0.712699
vn -0.624576 0.471488 -0.622578
vn -0.971381 -0.211065 -0.108949
vn -0.882285 -0.470256 0.020791
vn -0.237636 -0.754370 0.611927
vn 0.075424 -0.726211 0.683322
vn 0.424077 -0.686373 0.590805
vn 0.624306 -0.483030 0.613941
vn 0.801330 -0.247783 0.544494
vn 0.493372 0.824697 -0.276511
vn -0.124471 0.852127 -0.508317
vn -0.433842 0.758856 -0.485716
vn -0.915540 -0.378914 0.134947
vn -0.790593 -0.485918 0.372622
vn 0.311457 -0.565077 0.763991
vn 0.843636 0.058236 0.533748
vn 0.684846 0.725838 -0.064388
vn -0.675583 0.599371 -0.429351
vn -0.867728 0.473563 -0.150950
vn -0.975510 0.218905 -0.021463
vn -0.988229 -0.027299 0.150526
vn -0.921087 -0.282335 0.268117
vn 0.533789 -0.344659 0.772192
vn 0.692052 -0.133250 0.709443
vn 0.780833 0.593466 0.195187
vn 0.589864 0.806267 0.044660
vn 0.359113 0.930272 -0.075044
vn 0.092612 0.982488 -0.161681
vn -0.214697 0.951251 -0.221419
vn -0.676120 0.666235 -0.314632
vn -0.904072 -0.177600 0.388732
vn -0.753211 -0.368002 0.545204
vn -0.565821 -0.419476 0.709849
vn -0.304986 -0.468027 0.829418
vn -0.027440 -0.437490 0.898805
vn 0.259514 -0.411464 0.873699
vn 0.450033 -0.213834 0.867032
vn 0.619477 -0.007447 0.784980
vn 0.734245 0.214514 0.644102
vn 0.754539 0.431348 0.494580
vn 0.662314 0.663127 0.348716
vn 0.466213 0.840367 0.276457
vn -0.483502 0.862790 -0.147716
vn -0.693485 0.707574 -0.135713
vn -0.805149 0.571342 0.159070
vn -0.892176 0.364317 0.267011
vn -0.901611 0.170224 0.397646
vn -0.834257 -0.020243 0.551003
vn -0.737073 -0.223758 0.637695
vn 0.158445 -0.252605 0.954508
vn 0.302556 -0.046430 0.952000
vn 0.464044 0.139378 0.874778
vn 0.562678 0.325309 0.759979
vn 0.573060 0.525507 0.628843
vn 0.557179 0.695289 0.454009
vn 0.200296 0.956796 0.210766
vn -0.022540 0.990158 0.138125
vn -0.245228 0.963396 0.108310
vn -0.676696 0.736043 0.017998
vn -0.690522 -0.093143 0.717289
vn -0.527989 -0.186789 0.828455
vn -0.333147 -0.229178 0.914599
vn -0.115963 -0.197628 0.973394
vn 0.058180 -0.100886 0.993195
vn 0.444448 0.702378 0.555995
vn 0.262838 0.829115 0.493441
vn -0.474021 0.859225 0.192450
vn -0.643864 0.745825 0.170835
vn -0.669374 0.606569 0.428967
vn -0.732714 0.460592 0.500984
vn -0.739185 0.319706 0.592785
vn -0.694564 0.198919 0.691384
vn -0.599080 0.101489 0.794231
vn -0.470081 0.031191 0.882072
vn -0.317362 -0.073963 0.945416
vn -0.176945 0.031635 0.983712
vn -0.006714 0.088585 0.996046
vn 0.127448 0.175905 0.976122
vn 0.239951 0.306906 0.920995
vn 0.305226 0.434647 0.847301
vn 0.299976 0.576847 0.759778
vn 0.301679 0.712032 0.634035
vn 0.032598 0.877370 0.478707
vn -0.122785 0.905234 0.406787
vn -0.276018 0.878626 0.389654
vn -0.599633 0.734573 0.317559
vn -0.337920 0.104797 0.935322
vn 0.167258 0.698796 0.695492
vn 0.094770 0.770088 0.630859
vn -0.418352 0.799245 0.431497
vn -0.514413 0.716397 0.471333
vn -0.542243 0.590874 0.597361
vn -0.580562 0.500777 0.642005
vn -0.580975 0.410969 0.702547
vn -0.543982 0.335134 0.769265
vn -0.478241 0.281829 0.831780
vn -0.416886 0.267090 0.868832
vn -0.304941 0.242142 0.921074
vn -0.204730 0.254988 0.945022
vn -0.107000 0.274262 0.955684
vn -0.017853 0.330889 0.943501
vn 0.046138 0.410910 0.910508
vn 0.073928 0.502506 0.861407
vn 0.058765 0.583910 0.809688
vn 0.003477 0.652372 0.757891
vn -0.027673 0.736329 0.676057
vn -0.093478 0.779232 0.619726
vn -0.193177 0.789312 0.582811
vn -0.275491 0.765734 0.581169
vn -0.385980 0.710665 0.588197
vn -0.474170 0.658018 0.584957
vn -0.418369 0.514846 0.748265
vn -0.356522 0.394403 0.846959
vn -0.271666 0.389416 0.880087
vn -0.128953 0.477877 0.868910
vn -0.165306 0.660192 0.732680
vn -0.296335 0.654177 0.695872
vn 0.277705 -0.528070 -0.802510
vn -0.267856 0.529470 0.804932
vn 0.217201 -0.405235 -0.888036
vn 0.112940 -0.589563 -0.799788
vn 0.000132 -0.411566 -0.911380
vn -0.061487 -0.482543 -0.873712
vn -0.080875 -0.570671 -0.817187
vn -0.060969 -0.654701 -0.753425
vn -0.003782 -0.721247 -0.692667
vn 0.095348 -0.750971 -0.653415
vn 0.307438 -0.650360 -0.694633
vn 0.165408 -0.777973 -0.606134
vn 0.283536 -0.778051 -0.560574
vn 0.374587 -0.728826 -0.573147
vn 0.449631 -0.683334 -0.575227
vn 0.495344 -0.603094 -0.625229
vn 0.412620 -0.465759 -0.782824
vn 0.548488 -0.526873 -0.649281
vn 0.565526 -0.439790 -0.697686
vn 0.546008 -0.359141 -0.756897
vn 0.495263 -0.284689 -0.820772
vn 0.410651 -0.265973 -0.872138
vn 0.331029 -0.221513 -0.917252
vn 0.228993 -0.219141 -0.948441
vn 0.127063 -0.251728 -0.959421
vn 0.041698 -0.315131 -0.948132
vn -0.219187 -0.286867 -0.932558
vn -0.280506 -0.425875 -0.860202
vn -0.292414 -0.567328 -0.769827
vn -0.253747 -0.697379 -0.670279
vn -0.173174 -0.812451 -0.556718
vn -0.045839 -0.869377 -0.492020
vn 0.185660 -0.856713 -0.481220
vn 0.361142 -0.814251 -0.454502
vn 0.533343 -0.715478 -0.451261
vn 0.622055 -0.612770 -0.487402
vn 0.674436 -0.491819 -0.550682
vn 0.677070 -0.378136 -0.631339
vn 0.641425 -0.263402 -0.720551
vn 0.614932 -0.111152 -0.780707
vn 0.484329 -0.013405 -0.874783
vn 0.354347 0.009796 -0.935063
vn 0.180961 -0.011554 -0.983422
vn 0.023420 -0.069046 -0.997339
vn -0.114462 -0.163913 -0.979812
vn 0.113219 -0.919931 -0.375379
vn 0.255919 -0.911638 -0.321594
vn 0.455176 -0.856335 -0.243937
vn 0.602368 -0.764993 -0.227902
vn 0.747055 -0.599651 -0.286928
vn 0.822118 -0.421184 -0.383050
vn 0.774601 -0.285160 -0.564515
vn 0.756590 -0.161742 -0.633570
vn -0.460045 -0.117532 -0.880082
vn -0.545431 -0.315058 -0.776687
vn -0.560597 -0.515578 -0.648005
vn -0.515176 -0.706143 -0.485752
vn -0.395717 -0.846098 -0.357108
vn -0.146486 -0.932767 -0.329376
vn 0.040378 -0.977216 -0.208369
vn 0.279812 -0.951170 -0.130309
vn 0.443152 -0.893064 0.077802
vn 0.896197 -0.166681 -0.411154
vn 0.797415 -0.032794 -0.602539
vn 0.694372 0.096365 -0.713134
vn 0.561997 0.268778 -0.782251
vn 0.341863 0.290091 -0.893855
vn 0.091842 0.283912 -0.954442
vn -0.154309 0.227186 -0.961548
vn -0.298811 0.095322 -0.949540
vn -0.244663 -0.955772 -0.163216
vn -0.020668 -0.999476 0.024914
vn 0.254388 -0.967097 -0.003136
vn 0.680617 -0.729784 0.064623
vn 0.846989 -0.531447 -0.013175
vn 0.950017 -0.296760 -0.096962
vn 0.886378 0.138124 -0.441878
vn 0.740150 0.235023 -0.630034
vn -0.679545 0.083150 -0.728907
vn -0.782673 -0.158674 -0.601868
vn -0.789704 -0.404587 -0.461169
vn -0.717386 -0.640120 -0.274959
vn -0.507460 -0.841631 -0.184774
vn -0.383712 -0.919645 0.083771
vn 0.138308 -0.974023 0.179304
vn 0.991392 0.030791 -0.127254
vn 0.754862 0.423495 -0.500835
vn 0.527660 0.455490 -0.717010
vn 0.295175 0.508521 -0.808875
vn 0.009985 0.578669 -0.815502
vn -0.311314 0.521704 -0.794298
vn -0.485071 0.273017 -0.830764
vn -0.631196 -0.774200 -0.046962
vn -0.206541 -0.860933 0.464904
vn 0.195728 -0.907311 0.372125
vn 0.482819 -0.821136 0.304339
vn 0.675055 -0.635831 0.374192
vn 0.864533 -0.412399 0.287246
vn 0.970453 -0.111348 0.214060
vn 0.893254 0.435679 -0.110819
vn 0.556669 0.589624 -0.585204
vn 0.292305 0.666759 -0.685558
vn -0.833925 0.306626 -0.458858
vn -0.938157 0.012787 -0.345973
vn -0.893713 -0.332242 -0.301483
vn -0.832150 -0.545040 -0.102265
vn -0.710656 -0.688274 0.145763
vn -0.544990 -0.709212 0.447219
vn 0.380561 -0.788262 0.483546
vn 0.923448 0.275615 0.266985
vn 0.709117 0.638000 -0.300183
vn 0.506600 0.702323 -0.500099
vn 0.217720 0.837798 -0.500692
vn -0.091488 0.801330 -0.591186
vn -0.624623 0.471505 -0.622518
vn -0.971381 -0.211065 -0.108949
vn -0.882285 -0.470256 0.020791
vn 0.080596 -0.730658 0.677970
vn 0.424077 -0.686373 0.590805
vn 0.624306 -0.483029 0.613942
vn 0.801331 -0.247782 0.544494
vn 0.493373 0.824697 -0.276512
vn -0.413311 0.760637 -0.500606
vn -0.915540 -0.378913 0.134948
vn -0.790593 -0.485918 0.372622
vn 0.311458 -0.565077 0.763991
vn 0.843636 0.058236 0.533748
vn 0.684846 0.725838 -0.064387
vn -0.675583 0.599371 -0.429351
vn -0.867729 0.473562 -0.150951
vn -0.975510 0.218905 -0.021463
vn -0.988229 -0.027299 0.150525
vn -0.921087 -0.282335 0.268116
vn 0.533790 -0.344659 0.772191
vn 0.692052 -0.133251 0.709442
vn 0.780833 0.593466 0.195187
vn 0.589864 0.806267 0.044660
vn 0.359113 0.930272 -0.075045
vn 0.069117 0.979339 -0.190045
vn -0.181399 0.949262 -0.256898
vn -0.676120 0.666235 -0.314632
vn -0.904072 -0.177601 0.388732
vn -0.753211 -0.368003 0.545203
vn -0.555195 -0.430187 0.711827
vn -0.314225 -0.485135 0.816031
vn -0.027440 -0.437491 0.898804
vn 0.259514 -0.411465 0.873699
vn 0.450033 -0.213834 0.867033
vn 0.619477 -0.007447 0.784980
vn 0.734245 0.214514 0.644103
vn 0.754539 0.431348 0.494580
vn 0.662314 0.663127 0.348716
vn 0.466214 0.840367 0.276456
vn -0.483501 0.862790 -0.147716
vn -0.693485 0.707573 -0.135712
vn -0.805149 0.571342 0.159069
vn -0.892176 0.364316 0.267011
vn -0.901611 0.170224 0.397644
vn -0.834257 -0.020242 0.551004
vn -0.737074 -0.223758 0.637695
vn 0.158444 -0.252604 0.954509
vn 0.302556 -0.046430 0.952000
vn 0.464044 0.139378 0.874778
vn 0.562677 0.325309 0.759979
vn 0.573060 0.525508 0.628843
vn 0.557179 0.695290 0.454009
vn 0.200297 0.956796 0.210765
vn -0.022540 0.990158 0.138125
vn -0.245228 0.963396 0.108310
vn -0.676696 0.736043 0.017998
vn -0.690523 -0.093143 0.717289
vn -0.527988 -0.186790 0.828455
vn -0.333146 -0.229179 0.914599
vn -0.115963 -0.197629 0.973394
vn 0.058180 -0.100886 0.993195
vn 0.444449 0.702378 0.555995
vn 0.262838 0.829115 0.493441
vn -0.474021 0.859225 0.192450
vn -0.643864 0.745825 0.170835
vn -0.669374 0.606569 0.428967
vn -0.732714 0.460592 0.500984
vn -0.739185 0.319706 0.592785
vn -0.694565 0.198919 0.691384
vn -0.599081 0.101488 0.794231
vn -0.470081 0.031191 0.882072
vn -0.317362 -0.073962 0.945416
vn -0.176945 0.031635 0.983712
vn -0.006714 0.088585 0.996046
vn 0.127448 0.175905 0.976122
vn 0.239951 0.306906 0.920995
vn 0.305225 0.434647 0.847301
vn 0.299977 0.576847 0.759778
vn 0.301679 0.712032 0.634035
vn 0.032597 0.877370 0.478707
vn -0.122786 0.905234 0.406787
vn -0.276018 0.878626 0.389654
vn -0.599633 0.734573 0.317559
vn -0.337922 0.104796 0.935322
vn 0.167258 0.698796 0.695492
vn 0.094770 0.770088 0.630859
vn -0.418352 0.799245 0.431497
vn -0.514413 0.716397 0.471333
vn -0.542521 0.590948 0.597036
vn -0.580454 0.500835 0.642057
vn -0.580515 0.411218 0.702781
vn -0.543457 0.335571 0.769445
vn -0.477890 0.282279 0.831829
vn -0.417283 0.267423 0.868539
vn -0.304941 0.242143 0.921074
vn -0.207661 0.249193 0.945928
vn -0.104521 0.268699 0.957537
vn -0.019290 0.331293 0.943331
vn 0.037084 0.415020 0.909056
vn 0.039899 0.508967 0.859861
vn 0.065259 0.585798 0.807825
vn 0.032503 0.668073 0.743386
vn -0.023789 0.737972 0.674412
vn -0.095079 0.776946 0.622346
vn -0.195470 0.783882 0.589339
vn -0.269972 0.764484 0.585388
vn -0.385840 0.711089 0.587776
vn -0.474589 0.658303 0.584296
vn -0.418035 0.515614 0.747923
vn -0.357042 0.394589 0.846653
vn -0.277534 0.386688 0.879459
vn -0.152911 0.437921 0.885914
vn -0.138020 0.633337 0.761468
vn -0.287415 0.656579 0.697349
vn 0.265435 -0.535072 -0.802024
vn -0.267103 0.523342 0.809178