v -0.992105 -0.740937 -0.661312
v -0.859971 -0.707692 -0.638929
v -0.845443 -0.602459 -0.704283
v -0.992154 -0.603496 -0.755693
v -1.113883 -0.585226 -0.773487
v -1.136506 -0.638904 -0.745197
v -1.140042 -0.693237 -0.710139
v -1.124147 -0.742905 -0.671747
v -1.090375 -0.783047 -0.633778
v -1.042033 -0.809733 -0.599948
v -0.983852 -0.820351 -0.573570
v -0.921528 -0.813862 -0.557226
v -0.861161 -0.790900 -0.552514
v -0.808661 -0.753715 -0.559897
v -0.769166 -0.705944 -0.578652
v -0.746544 -0.652266 -0.606943
v -0.743007 -0.597933 -0.642000
v -0.758902 -0.548265 -0.680393
v -0.792674 -0.508124 -0.718362
v -0.841016 -0.481438 -0.752191
v -0.899197 -0.470820 -0.778569
v -0.961521 -0.477309 -0.794914
v -1.021888 -0.500270 -0.799625
v -1.074388 -0.537456 -0.792242
v -1.254302 -0.504099 -0.790485
v -1.293841 -0.596190 -0.742191
v -1.300640 -0.689602 -0.682156
v -1.274035 -0.775194 -0.616257
v -1.216628 -0.844585 -0.550944
v -1.134039 -0.890983 -0.492612
v -1.014409 -0.880830 -0.493225
v -0.834155 -0.837571 -0.462295
v -0.757028 -0.782932 -0.473138
v -0.699005 -0.712751 -0.500691
v -0.665769 -0.633890 -0.542254
v -0.660573 -0.554067 -0.593759
v -0.683925 -0.481098 -0.650162
v -0.702124 -0.374807 -0.693553
v -0.784713 -0.328408 -0.751886
v -0.884398 -0.309545 -0.797529
v -0.991424 -0.320061 -0.826015
v -1.095311 -0.358930 -0.834554
v -1.185894 -0.422345 -0.822311
v -1.047344 -0.927129 -0.404802
v -0.928797 -0.914786 -0.373713
v -0.813972 -0.871111 -0.364751
v -0.694890 -0.807168 -0.326086
v -0.610751 -0.705997 -0.365643
v -0.562341 -0.592177 -0.425484
v -0.589229 -0.504066 -0.534964
v -0.619464 -0.409592 -0.607990
v -1.421893 -0.386900 -0.755031
v -1.478182 -0.519796 -0.685083
v -1.487222 -0.654388 -0.598331
v -1.448124 -0.777501 -0.503269
v -1.395950 -0.875342 -0.370205
v -1.214978 -0.933809 -0.370838
v -1.081846 -0.958106 -0.310479
v -0.939233 -0.943257 -0.273078
v -0.798355 -0.886561 -0.052790
v -0.503724 -0.419864 -0.428509
v -0.567106 -0.335508 -0.554914
v -0.644384 -0.243654 -0.641797
v -0.743113 -0.085711 -0.680218
v -0.889768 -0.104323 -0.766965
v -1.044106 -0.120151 -0.807603
v -1.193684 -0.176796 -0.819443
v -1.323861 -0.268711 -0.801328
v -1.269385 -0.945201 -0.281636
v -1.135961 -0.976247 -0.161398
v -0.953899 -0.956011 -0.169787
v -0.650126 -0.791924 -0.123166
v -0.540491 -0.659563 -0.175063
v -0.477602 -0.510776 -0.253420
v -0.511508 -0.222358 -0.456991
v -0.616555 -0.155578 -0.591647
v -1.560004 -0.260305 -0.662905
v -1.628006 -0.421384 -0.578047
v -1.638735 -0.584458 -0.472863
v -1.617980 -0.715123 -0.317871
v -1.459279 -0.863880 -0.287109
v -1.344869 -0.934280 -0.142121
v -0.972432 -0.952731 -0.066382
v -0.447087 -0.299051 -0.267932
v -0.595941 -0.029406 -0.497111
v -0.740289 0.005766 -0.628537
v -0.908045 0.036382 -0.704594
v -1.117464 0.102308 -0.696944
v -1.283761 -0.005460 -0.741218
v -1.441385 -0.116988 -0.719129
v -1.514036 -0.838661 -0.201012
v -1.219603 -0.922762 0.080748
v -1.006526 -0.919690 0.084790
v -0.808588 -0.862833 0.049091
v -0.650152 -0.729895 0.076434
v -0.525418 -0.579111 0.017258
v -0.456186 -0.382387 -0.026378
v -0.501361 -0.015588 -0.221004
v -0.746588 0.089595 -0.565451
v -0.925650 0.122274 -0.646634
v -1.668760 -0.109571 -0.480433
v -1.741972 -0.283284 -0.388880
v -1.717615 -0.513247 -0.358102
v -1.666810 -0.671997 -0.235391
v -1.578741 -0.777748 -0.070434
v -1.452480 -0.812428 0.125094
v -0.826248 -0.825402 0.145703
v -0.477416 -0.121362 -0.012316
v -0.629283 0.139935 -0.302035
v -0.761860 0.163711 -0.492509
v -0.973185 0.264037 -0.498856
v -1.147021 0.176908 -0.629060
v -1.339967 0.103519 -0.644119
v -1.540940 0.045013 -0.541119
v -1.753405 -0.459111 -0.275426
v -1.701958 -0.619838 -0.151184
v -1.074173 -0.790276 0.300749
v -0.850919 -0.775155 0.234660
v -0.714186 -0.594479 0.290180
v -0.567161 -0.472114 0.192119
v -0.785725 0.226294 -0.411510
v -1.189709 0.267673 -0.507680
v -1.371060 0.165379 -0.565035
v -1.722555 -0.559924 -0.067322
v -1.622296 -0.655500 0.093655
v -1.285937 -0.773166 0.283686
v -0.881991 -0.713334 0.313778
v -0.536902 -0.242336 0.178153
v -0.663093 0.190489 -0.216313
v -1.563515 0.096738 -0.452452
v -1.696510 0.012794 -0.252178
v -1.764299 -0.148325 -0.167224
v -1.774800 -0.311374 -0.061980
v -1.728093 -0.493731 0.014131
v -0.757128 -0.527000 0.358369
v -0.635576 -0.379979 0.300647
v -0.603986 0.105308 -0.012477
v -0.707924 0.228851 -0.129334
v -0.877722 0.324690 -0.188580
v -1.052374 0.356459 -0.267694
v -1.239426 0.336885 -0.316683
v -1.574951 0.138577 -0.356715
v -1.718436 -0.422888 0.091169
v -1.621060 -0.538631 0.200648
v -1.482063 -0.573324 0.326341
v -1.320696 -0.602605 0.399390
v -1.147899 -0.584456 0.444602
v -0.960154 -0.561276 0.434959
v -0.808777 -0.454056 0.413671
v -0.694900 -0.316318 0.359595
v -0.629670 -0.161544 0.278022
v -0.619472 -0.004884 0.176939
v -0.665305 0.138327 0.066241
v -0.791628 0.263348 -0.002569
v -1.427246 0.284525 -0.227514
v -1.574963 0.169496 -0.256261
v -1.653809 0.076069 -0.057856
v -1.709577 -0.056922 0.012330
v -1.718057 -0.191455 0.099229
v -1.678418 -0.314362 0.194334
v -1.605405 -0.454232 0.261300
v -1.005315 -0.474794 0.474050
v -0.896764 -0.339866 0.470602
v -0.799166 -0.221437 0.424001
v -0.705238 -0.111842 0.331560
v -0.695979 0.030403 0.239776
v -0.737598 0.160433 0.139261
v -0.978337 0.334122 -0.005889
v -1.122532 0.360179 -0.071091
v -1.276903 0.343864 -0.111413
v -1.563550 0.188734 -0.153565
v -1.577576 -0.366156 0.311451
v -1.466957 -0.427221 0.388860
v -1.333825 -0.451517 0.449220
v -1.191212 -0.436669 0.486620
v -1.053078 -0.384128 0.497401
v -0.819085 0.171081 0.204784
v -0.931313 0.259387 0.151979
v -1.418006 0.274607 -0.019598
v -1.540994 0.195816 -0.051155
v -1.559844 0.101671 0.125433
v -1.598032 0.009334 0.174339
v -1.603384 -0.083928 0.234754
v -1.575377 -0.168986 0.300762
v -1.516751 -0.237514 0.365903
v -1.433245 -0.282803 0.423801
v -1.335639 -0.347529 0.464386
v -1.225927 -0.288643 0.496459
v -1.122408 -0.248621 0.504107
v -1.032610 -0.184274 0.490983
v -0.965324 -0.101900 0.458371
v -0.927136 -0.009563 0.409464
v -0.921784 0.083700 0.349050
v -0.907759 0.170008 0.261198
v -1.091922 0.282574 0.160002
v -1.192133 0.300192 0.115016
v -1.299241 0.288413 0.087346
v -1.507849 0.190569 0.048448
v -1.331921 -0.242492 0.464051
v -1.001437 0.157241 0.307114
v -1.051053 0.216215 0.251332
v -1.387801 0.227753 0.131944
v -1.464932 0.173122 0.142791
v -1.452793 0.096134 0.248305
v -1.475416 0.042456 0.276596
v -1.478953 -0.011877 0.311653
v -1.463058 -0.061545 0.350046
v -1.429286 -0.101686 0.388015
v -1.380944 -0.128373 0.421844
v -1.322763 -0.138991 0.448222
v -1.260439 -0.132501 0.464567
v -1.200072 -0.109540 0.469278
v -1.147572 -0.072355 0.461895
v -1.108077 -0.024584 0.443140
v -1.085454 0.029094 0.414850
v -1.081917 0.083427 0.379792
v -1.097813 0.133095 0.341400
v -1.131585 0.173236 0.303431
v -1.179927 0.199922 0.269602
v -1.238108 0.210541 0.243224
v -1.300432 0.204051 0.226879
v -1.360799 0.181090 0.222167
v -1.413299 0.143905 0.229551
v -1.384138 0.006429 0.362219
v -1.337843 -0.034200 0.403936
v -1.308390 -0.039575 0.417290
v -1.226363 -0.012497 0.427170
v -1.207698 0.113826 0.350816
v -1.297085 0.134084 0.305238
v -1.359016 0.100241 0.307600
v -0.932804 -0.663117 -0.702362
v -1.289156 0.053307 0.372015
v 0.620095 0.197372 -0.752050
v 0.761990 0.242119 -0.735039
v 0.721040 0.363752 -0.830501
v 0.584733 0.302095 -0.833101
v 0.498429 0.352866 -0.864258
v 0.475806 0.299188 -0.835967
v 0.472269 0.244855 -0.800910
v 0.488165 0.195187 -0.762517
v 0.521936 0.155045 -0.724548
v 0.570279 0.128359 -0.690719
v 0.628460 0.117741 -0.664341
v 0.690784 0.124230 -0.647996
v 0.751150 0.147191 -0.643285
v 0.803650 0.184377 -0.650668
v 0.843145 0.232147 -0.669423
v 0.865768 0.285826 -0.697713
v 0.869305 0.340158 -0.732771
v 0.853409 0.389826 -0.771163
v 0.819637 0.429968 -0.809132
v 0.771295 0.456654 -0.842961
v 0.713114 0.467272 -0.869339
v 0.650790 0.460783 -0.885684
v 0.590424 0.437822 -0.890396
v 0.537923 0.400636 -0.883013
v 0.358009 0.433993 -0.881256
v 0.318470 0.341902 -0.832961
v 0.311671 0.248489 -0.772927
v 0.338277 0.162898 -0.707027
v 0.395683 0.093507 -0.641715
v 0.478272 0.047109 -0.583382
v 0.597902 0.057261 -0.583996
v 0.778156 0.100521 -0.553065
v 0.855283 0.155159 -0.563908
v 0.913306 0.225341 -0.591462
v 0.946543 0.304202 -0.633025
v 0.951739 0.384024 -0.684529
v 0.928386 0.456994 -0.740933
v 0.910187 0.563285 -0.784324
v 0.827599 0.609682 -0.842656
v 0.727913 0.628547 -0.888299
v 0.620888 0.618031 -0.916785
v 0.517000 0.579162 -0.925324
v 0.426418 0.515747 -0.913082
v 0.564967 0.010963 -0.495573
v 0.683515 0.023306 -0.464483
v 0.798339 0.066981 -0.455522
v 0.917422 0.130924 -0.416857
v 1.001560 0.232094 -0.456413
v 1.049970 0.345914 -0.516255
v 1.023082 0.434026 -0.625734
v 0.992847 0.528500 -0.698761
v 0.190420 0.551191 -0.845802
v 0.134129 0.418296 -0.775853
v 0.125090 0.283704 -0.689102
v 0.164187 0.160591 -0.594039
v 0.216362 0.062750 -0.460975
v 0.397333 0.004283 -0.461609
v 0.530465 -0.020014 -0.401250
v 0.673078 -0.005165 -0.363849
v 0.813957 0.051531 -0.143561
v 1.108588 0.518227 -0.519280
v 1.045206 0.602584 -0.645685
v 0.967928 0.694438 -0.732568
v 0.869199 0.852381 -0.770989
v 0.722544 0.833769 -0.857735
v 0.568205 0.817941 -0.898373
v 0.418627 0.761297 -0.910214
v 0.288451 0.669381 -0.892099
v 0.342927 -0.007109 -0.372407
v 0.476351 -0.038155 -0.252168
v 0.658413 -0.017919 -0.260557
v 0.962185 0.146168 -0.213936
v 1.071821 0.278528 -0.265834
v 1.134710 0.427316 -0.344190
v 1.100803 0.715734 -0.547761
v 0.995757 0.782513 -0.682417
v 0.052308 0.677787 -0.753675
v -0.015694 0.516707 -0.668818
v -0.026423 0.353634 -0.563634
v -0.005669 0.222969 -0.408642
v 0.153032 0.074211 -0.377879
v 0.267443 0.003812 -0.232893
v 0.639879 -0.014639 -0.157152
v 1.165225 0.639041 -0.358702
v 1.016371 0.908686 -0.587882
v 0.872023 0.943857 -0.719307
v 0.704267 0.974473 -0.795364
v 0.494847 1.040399 -0.787714
v 0.328551 0.932631 -0.831988
v 0.170926 0.821105 -0.809900
v 0.098276 0.099430 -0.291783
v 0.361938 0.057645 0.081609
v 0.593152 0.036134 0.042588
v 0.803724 0.075259 -0.041680
v 0.962160 0.208196 -0.014337
v 1.086894 0.358981 -0.073512
v 1.156126 0.555705 -0.117148
v 1.110950 0.922504 -0.311775
v 0.865723 1.027687 -0.656221
v 0.686661 1.060366 -0.737405
v -0.056449 0.828520 -0.571204
v -0.129661 0.654807 -0.479650
v -0.105304 0.424845 -0.448872
v -0.054498 0.266094 -0.326162
v 0.033571 0.160344 -0.161204
v 0.159831 0.125664 0.034324
v 0.786064 0.112689 0.054933
v 1.134896 0.816730 -0.103087
v 0.983028 1.078027 -0.392805
v 0.850451 1.101802 -0.583279
v 0.639127 1.202129 -0.589626
v 0.465291 1.115000 -0.719831
v 0.272345 1.041611 -0.734890
v 0.071372 0.983105 -0.631889
v -0.141094 0.478981 -0.366196
v -0.089647 0.318254 -0.241955
v 0.761393 0.162937 0.143890
v 0.898126 0.343613 0.199410
v 1.045151 0.465978 0.101348
v 0.826587 1.164385 -0.502281
v 0.422602 1.205766 -0.598450
v 0.241252 1.103470 -0.655805
v -0.110244 0.378168 -0.158092
v -0.009984 0.282592 0.002885
v 0.523137 0.185465 0.244479
v 0.730321 0.224758 0.223008
v 1.075410 0.695755 0.087382
v 0.949219 1.128581 -0.307084
v 0.048797 1.034830 -0.543222
v -0.084199 0.950886 -0.342947
v -0.151988 0.789767 -0.257994
v -0.162489 0.626718 -0.152750
v -0.115782 0.444361 -0.076639
v 0.855184 0.411092 0.267598
v 0.976736 0.558113 0.209877
v 1.008326 1.043400 -0.103248
v 0.904387 1.166943 -0.220105
v 0.734590 1.262782 -0.279351
v 0.559938 1.294551 -0.358464
v 0.372886 1.274977 -0.407453
v 0.037360 1.076669 -0.447485
v -0.106124 0.515204 0.000399
v -0.008748 0.399461 0.109877
v 0.130248 0.364768 0.235571
v 0.291615 0.335487 0.308619
v 0.464413 0.353635 0.353831
v 0.652158 0.376816 0.344189
v 0.803534 0.484035 0.322901
v 0.917411 0.621774 0.268824
v 0.982641 0.776548 0.187252
v 0.992839 0.933208 0.086169
v 0.947007 1.076419 -0.024530
v 0.820684 1.201440 -0.093340
v 0.185066 1.222617 -0.318285
v 0.037348 1.107588 -0.347032
v -0.041497 1.014161 -0.148624
v -0.097265 0.881170 -0.078440
v -0.105745 0.746637 0.008458
v -0.066107 0.623729 0.103564
v 0.006906 0.483860 0.170529
v 0.606996 0.463298 0.383280
v 0.715548 0.598226 0.379832
v 0.813145 0.716655 0.333231
v 0.907074 0.826250 0.240789
v 0.916332 0.968495 0.149006
v 0.874714 1.098525 0.048490
v 0.633975 1.272214 -0.096660
v 0.489779 1.298270 -0.161861
v 0.335409 1.281956 -0.202185
v 0.048761 1.126825 -0.244336
v 0.034735 0.571935 0.220680
v 0.145355 0.510871 0.298090
v 0.278487 0.486574 0.358449
v 0.421099 0.501423 0.395850
v 0.559233 0.553964 0.406631
v 0.793227 1.109172 0.114014
v 0.680999 1.197479 0.061209
v 0.194306 1.212699 -0.110368
v 0.071318 1.133908 -0.141925
v 0.052468 1.039763 0.034663
v 0.014280 0.947426 0.083569
v 0.008927 0.854163 0.143983
v 0.036935 0.769105 0.209992
v 0.095561 0.700578 0.275133
v 0.179066 0.655289 0.333031
v 0.276673 0.590563 0.373616
v 0.386384 0.649449 0.405688
v 0.489903 0.689471 0.413336
v 0.579701 0.753819 0.400212
v 0.646987 0.836192 0.367601
v 0.685176 0.928529 0.318694
v 0.690528 1.021791 0.258279
v 0.704552 1.108099 0.170428
v 0.520389 1.220666 0.069232
v 0.420178 1.238284 0.024246
v 0.313071 1.226505 -0.003426
v 0.104463 1.128661 -0.042322
v 0.280391 0.695600 0.373281
v 0.610874 1.095333 0.216343
v 0.561258 1.154307 0.160561
v 0.224510 1.165845 0.041174
v 0.147380 1.111214 0.052020
v 0.159518 1.034226 0.157535
v 0.136895 0.980548 0.185826
v 0.133358 0.926215 0.220883
v 0.149254 0.876547 0.259275
v 0.183026 0.836405 0.297244
v 0.231368 0.809719 0.331074
v 0.289549 0.799101 0.357452
v 0.351873 0.805590 0.373797
v 0.412239 0.828552 0.378508
v 0.464740 0.865737 0.371125
v 0.504234 0.913507 0.352370
v 0.526857 0.967186 0.324079
v 0.530394 1.021518 0.289022
v 0.514498 1.071186 0.250630
v 0.480727 1.111328 0.212661
v 0.432384 1.138014 0.178831
v 0.374204 1.148632 0.152453
v 0.311879 1.142143 0.136108
v 0.251513 1.119182 0.131397
v 0.199013 1.081996 0.138780
v 0.274469 0.903892 0.313166
v 0.303922 0.898517 0.326519
v 0.398129 0.937335 0.333337
v 0.396241 1.060999 0.250122
v 0.315226 1.072176 0.214468
v 0.228053 0.984198 0.248065
v 0.679508 0.274975 -0.793132
v 0.323156 0.991399 0.281244
v -0.156070 -0.890969 -1.606350
v -0.021178 -0.946986 -1.526910
v 0.035178 -0.815773 -1.592334
v -0.073841 -0.788706 -1.646543
v -0.233263 -0.798539 -1.661539
v -0.255886 -0.852218 -1.633248
v -0.259423 -0.906550 -1.598191
v -0.243527 -0.956218 -1.559799
v -0.209756 -0.996360 -1.521830
v -0.161413 -1.023046 -1.488000
v -0.103233 -1.033664 -1.461622
v -0.040908 -1.027175 -1.445278
v 0.019458 -1.004214 -1.440566
v 0.071958 -0.967028 -1.447949
v 0.111453 -0.919258 -1.466704
v 0.134076 -0.865580 -1.494995
v 0.137613 -0.811247 -1.530052
v 0.121717 -0.761579 -1.568444
v 0.087945 -0.721437 -1.606414
v 0.039603 -0.694751 -1.640243
v -0.018578 -0.684133 -1.666621
v -0.080902 -0.690622 -1.682965
v -0.141268 -0.713583 -1.687677
v -0.193769 -0.750769 -1.680294
v -0.373684 -0.717412 -1.678537
v -0.413222 -0.809503 -1.630243
v -0.420023 -0.902916 -1.570207
v -0.393416 -0.988507 -1.504308
v -0.336009 -1.057898 -1.438995
v -0.253420 -1.104296 -1.380663
v -0.133790 -1.094144 -1.381277
v 0.046464 -1.050884 -1.350346
v 0.123591 -0.996246 -1.361189
v 0.181614 -0.926065 -1.388743
v 0.214851 -0.847203 -1.430306
v 0.220047 -0.767381 -1.481810
v 0.196694 -0.694411 -1.538214
v 0.178495 -0.588120 -1.581605
v 0.095907 -0.541722 -1.639938
v -0.003779 -0.522857 -1.685581
v -0.110804 -0.533375 -1.714066
v -0.214692 -0.572243 -1.722606
v -0.305274 -0.635658 -1.710363
v -0.166725 -1.140442 -1.292854
v -0.048177 -1.128099 -1.261765
v 0.066647 -1.084424 -1.252803
v 0.185729 -1.020481 -1.214139
v 0.269868 -0.919311 -1.253695
v 0.291449 -0.717401 -1.423056
v 0.261155 -0.622905 -1.496042
v -0.541273 -0.600214 -1.643083
v -0.597563 -0.733109 -1.573135
v -0.606602 -0.867701 -1.486383
v -0.567505 -0.990814 -1.391321
v -0.515330 -1.088655 -1.258257
v -0.334359 -1.147123 -1.258890
v -0.201227 -1.171420 -1.198531
v -0.058614 -1.156571 -1.161130
v 0.082265 -1.099874 -0.940842
v 0.376896 -0.633178 -1.316561
v 0.313514 -0.548822 -1.442966
v 0.236236 -0.456967 -1.529849
v 0.137507 -0.299025 -1.568270
v -0.009149 -0.317636 -1.655017
v -0.163487 -0.333464 -1.695654
v -0.313066 -0.390108 -1.707495
v -0.443241 -0.482024 -1.689380
v -0.388765 -1.158514 -1.169688
v -0.255341 -1.189560 -1.049449
v -0.073279 -1.169324 -1.057839
v 0.230493 -1.005238 -1.011217
v 0.340129 -0.872877 -1.063115
v 0.403018 -0.724089 -1.141471
v 0.369111 -0.435672 -1.345043
v 0.264065 -0.368892 -1.479698
v -0.679385 -0.473619 -1.550956
v -0.747386 -0.634698 -1.466099
v -0.758115 -0.797771 -1.360915
v -0.737361 -0.928436 -1.205923
v -0.578660 -1.077194 -1.175160
v -0.464249 -1.147594 -1.030175
v -0.091813 -1.166045 -0.954434
v 0.433533 -0.512365 -1.155984
v 0.284679 -0.242720 -1.385163
v 0.140331 -0.207548 -1.516588
v -0.027425 -0.176932 -1.592646
v -0.236845 -0.111006 -1.584996
v -0.403141 -0.218774 -1.629270
v -0.560765 -0.330301 -1.607181
v -0.633416 -1.051975 -1.089064
v -0.369754 -1.093761 -0.715672
v -0.138541 -1.115271 -0.754694
v 0.072032 -1.076147 -0.838961
v 0.230468 -0.943209 -0.811618
v 0.355202 -0.792425 -0.870794
v 0.426682 -0.622971 -0.960081
v 0.379259 -0.228902 -1.109056
v 0.134031 -0.123718 -1.453503
v -0.045031 -0.091039 -1.534686
v -0.788141 -0.322885 -1.368485
v -0.861353 -0.496598 -1.276931
v -0.836996 -0.726561 -1.246154
v -0.786190 -0.885311 -1.123443
v -0.698121 -0.991061 -0.958486
v -0.571861 -1.025741 -0.762958
v 0.054372 -1.038716 -0.742349
v 0.403204 -0.334676 -0.900368
v 0.251336 -0.073379 -1.190087
v 0.118759 -0.049603 -1.380561
v -0.092565 0.050723 -1.386908
v -0.266401 -0.036406 -1.517112
v -0.459347 -0.109795 -1.532171
v -0.660320 -0.168300 -1.429171
v -0.872786 -0.672424 -1.163478
v -0.821339 -0.833152 -1.039236
v 0.029701 -0.988469 -0.653391
v 0.166434 -0.807793 -0.597871
v 0.313459 -0.685428 -0.695933
v 0.369043 -0.483712 -0.747369
v 0.094895 0.012980 -1.299562
v -0.309089 0.054359 -1.395733
v -0.490440 -0.047935 -1.453087
v -0.841936 -0.773238 -0.955374
v -0.741676 -0.868814 -0.794396
v -0.208555 -0.965940 -0.552802
v -0.001371 -0.926647 -0.574274
v 0.217527 -0.022824 -1.104365
v -0.682895 -0.116575 -1.340504
v -0.815891 -0.200520 -1.140229
v -0.883680 -0.361638 -1.055275
v -0.894181 -0.524688 -0.950032
v -0.847474 -0.707044 -0.873921
v 0.123492 -0.740314 -0.529683
v 0.245044 -0.593292 -0.587405
v 0.276634 -0.108006 -0.900529
v 0.172695 0.015538 -1.017386
v 0.002898 0.111377 -1.076632
v -0.171754 0.143145 -1.155745
v -0.358806 0.123571 -1.204734
v -0.694332 -0.074736 -1.244767
v -0.837816 -0.636201 -0.796883
v -0.740440 -0.751944 -0.687404
v -0.601444 -0.786638 -0.561711
v -0.440077 -0.815919 -0.488662
v -0.267279 -0.797770 -0.443450
v -0.079534 -0.774590 -0.453092
v 0.071842 -0.667370 -0.474380
v 0.185719 -0.529632 -0.528457
v 0.250949 -0.374857 -0.610029
v 0.261147 -0.218197 -0.711112
v 0.215315 -0.074986 -0.821811
v 0.088992 0.050035 -0.890621
v -0.546626 0.071211 -1.115566
v -0.694344 -0.043817 -1.144313
v -0.773189 -0.137245 -0.945906
v -0.828957 -0.270235 -0.875721
v -0.837437 -0.404769 -0.788823
v -0.797799 -0.527676 -0.693718
v -0.724786 -0.667545 -0.626752
v -0.124696 -0.688107 -0.414002
v -0.016144 -0.553180 -0.417450
v 0.081453 -0.434751 -0.464051
v 0.175382 -0.325156 -0.556492
v 0.184640 -0.182910 -0.648275
v 0.143022 -0.052881 -0.748791
v -0.097718 0.120808 -0.893940
v -0.241912 0.146865 -0.959143
v -0.396283 0.130550 -0.999466
v -0.682931 -0.024580 -1.041617
v -0.696957 -0.579470 -0.576601
v -0.586337 -0.640534 -0.499191
v -0.453206 -0.664831 -0.438832
v -0.310593 -0.649982 -0.401432
v -0.172459 -0.597441 -0.390651
v 0.061535 -0.042233 -0.683268
v -0.050693 0.046074 -0.736073
v -0.537386 0.061294 -0.907649
v -0.660374 -0.017497 -0.939207
v -0.679224 -0.111642 -0.762619
v -0.717412 -0.203980 -0.713712
v -0.722765 -0.297242 -0.653298
v -0.694757 -0.382300 -0.587289
v -0.636131 -0.450827 -0.522148
v -0.552626 -0.496117 -0.464251
v -0.455020 -0.560843 -0.423665
v -0.345308 -0.501956 -0.391593
v -0.241789 -0.461934 -0.383945
v -0.151991 -0.397587 -0.397069
v -0.084705 -0.315213 -0.429681
v -0.046516 -0.222876 -0.478587
v -0.041164 -0.129614 -0.539002
v -0.027139 -0.043306 -0.626853
v -0.211303 0.069260 -0.728049
v -0.311514 0.086878 -0.773035
v -0.418621 0.075100 -0.800707
v -0.627229 -0.022744 -0.839604
v -0.451302 -0.455805 -0.424001
v -0.120818 -0.056073 -0.580938
v -0.170434 0.002901 -0.636720
v -0.507182 0.014440 -0.756108
v -0.584312 -0.040191 -0.745261
v -0.572174 -0.117179 -0.639746
v -0.594797 -0.170858 -0.611456
v -0.598334 -0.225190 -0.576398
v -0.582438 -0.274858 -0.538006
v -0.548667 -0.315000 -0.500037
v -0.500324 -0.341686 -0.466208
v -0.442143 -0.352304 -0.439830
v -0.379819 -0.345815 -0.423485
v -0.319453 -0.322854 -0.418773
v -0.266952 -0.285668 -0.426156
v -0.227458 -0.237898 -0.444911
v -0.204835 -0.184219 -0.473202
v -0.201298 -0.129887 -0.508259
v -0.217194 -0.080219 -0.546652
v -0.250965 -0.040077 -0.584621
v -0.299308 -0.013391 -0.618450
v -0.357488 -0.002773 -0.644828
v -0.419813 -0.009262 -0.661173
v -0.480179 -0.032223 -0.665884
v -0.532679 -0.069409 -0.658501
v -0.457223 -0.247513 -0.484116
v -0.427770 -0.252889 -0.470762
v -0.333563 -0.214070 -0.463944
v -0.335555 -0.089895 -0.547624
v -0.416466 -0.079230 -0.582813
v -0.502259 -0.166022 -0.549222
v -0.052185 -0.876431 -1.590413
v -0.408536 -0.160006 -0.516037
v 1.333403 -0.616439 -0.915204
v 1.479673 -0.561203 -0.900142
v 1.466529 -0.471018 -0.964243
v 1.339524 -0.470642 -1.008705
v 1.207896 -0.464383 -1.023523
v 1.185273 -0.518062 -0.995232
v 1.181736 -0.572395 -0.960175
v 1.197632 -0.622063 -0.921783
v 1.231404 -0.662204 -0.883813
v 1.279746 -0.688890 -0.849984
v 1.337927 -0.699508 -0.823606
v 1.400251 -0.693019 -0.807261
v 1.460618 -0.670058 -0.802550
v 1.513118 -0.632872 -0.809933
v 1.552612 -0.585102 -0.828688
v 1.575235 -0.531424 -0.856979
v 1.578772 -0.477091 -0.892036
v 1.562877 -0.427423 -0.930428
v 1.529105 -0.387282 -0.968397
v 1.480762 -0.360595 -1.002227
v 1.422582 -0.349977 -1.028605
v 1.360258 -0.356466 -1.044949
v 1.299891 -0.379428 -1.049661
v 1.247391 -0.416613 -1.042278
v 1.067477 -0.383257 -1.040521
v 1.027938 -0.475347 -0.992227
v 1.021139 -0.568760 -0.932192
v 1.047744 -0.654351 -0.866293
v 1.105151 -0.723742 -0.800981
v 1.187740 -0.770140 -0.742648
v 1.307370 -0.759988 -0.743261
v 1.487624 -0.716728 -0.712330
v 1.564751 -0.662090 -0.723173
v 1.622774 -0.591909 -0.750727
v 1.656010 -0.513047 -0.792290
v 1.661206 -0.433225 -0.843794
v 1.637853 -0.360256 -0.900198
v 1.619654 -0.253966 -0.943589
v 1.537066 -0.207568 -1.001922
v 1.437380 -0.188703 -1.047565
v 1.330356 -0.199220 -1.076050
v 1.226468 -0.238088 -1.084589
v 1.135886 -0.301503 -1.072347
v 1.274435 -0.806287 -0.654838
v 1.392982 -0.793943 -0.623749
v 1.507806 -0.750269 -0.614787
v 1.626889 -0.686326 -0.576122
v 1.711028 -0.585155 -0.615678
v 1.759438 -0.471335 -0.675520
v 1.732550 -0.383224 -0.784999
v 1.702315 -0.288750 -0.858026
v 0.899887 -0.266058 -1.005067
v 0.843597 -0.398954 -0.935119
v 0.834558 -0.533545 -0.848367
v 0.873654 -0.656659 -0.753304
v 0.925829 -0.754499 -0.620241
v 1.106801 -0.812967 -0.620874
v 1.239933 -0.837264 -0.560515
v 1.382546 -0.822415 -0.523114
v 1.523424 -0.765719 -0.302826
v 1.818055 -0.299022 -0.678545
v 1.754673 -0.214666 -0.804950
v 1.677395 -0.122812 -0.891833
v 1.578666 0.035131 -0.930254
v 1.432011 0.016519 -1.017001
v 1.277672 0.000692 -1.057638
v 1.128094 -0.055953 -1.069479
v 0.997918 -0.147868 -1.051364
v 1.052394 -0.824358 -0.531672
v 1.185818 -0.855405 -0.411433
v 1.367880 -0.835168 -0.419823
v 1.671652 -0.671082 -0.373202
v 1.781288 -0.538721 -0.425100
v 1.844177 -0.389933 -0.503455
v 1.810271 -0.101516 -0.707026
v 1.705224 -0.034736 -0.841682
v 0.761775 -0.139463 -0.912940
v 0.693773 -0.300542 -0.828083
v 0.683044 -0.463616 -0.722899
v 0.703798 -0.594280 -0.567907
v 0.862500 -0.743038 -0.537144
v 0.976910 -0.813438 -0.392158
v 1.349347 -0.831889 -0.316418
v 1.874692 -0.178209 -0.517968
v 1.725838 0.091436 -0.747147
v 1.581490 0.126608 -0.878572
v 1.413734 0.157224 -0.954630
v 1.204315 0.223150 -0.946980
v 1.038018 0.115382 -0.991254
v 0.880394 0.003855 -0.969165
v 0.807743 -0.717819 -0.451048
v 1.118498 -0.819279 -0.216881
v 1.315253 -0.798848 -0.165246
v 1.513191 -0.741991 -0.200945
v 1.671627 -0.609054 -0.173603
v 1.796361 -0.458269 -0.232777
v 1.865593 -0.261544 -0.276413
v 1.820418 0.105254 -0.471040
v 1.575191 0.210437 -0.815487
v 1.396129 0.243117 -0.896670
v 0.653019 0.011271 -0.730469
v 0.579807 -0.162442 -0.638915
v 0.604164 -0.392405 -0.608138
v 0.654969 -0.551155 -0.485427
v 0.743038 -0.656906 -0.320470
v 0.869299 -0.691586 -0.124942
v 1.495531 -0.704560 -0.104333
v 1.844363 -0.000520 -0.262352
v 1.692495 0.260777 -0.552071
v 1.559919 0.284553 -0.742545
v 1.348594 0.384879 -0.748891
v 1.174758 0.297750 -0.879096
v 0.981812 0.224361 -0.894155
v 0.780839 0.165855 -0.791155
v 0.568373 -0.338269 -0.525462
v 0.619820 -0.498996 -0.401220
v 1.047154 -0.690370 -0.001812
v 1.247606 -0.669433 0.050714
v 1.470860 -0.654313 -0.015375
v 1.607593 -0.473637 0.040145
v 1.754618 -0.351272 -0.057917
v 1.536054 0.347136 -0.661546
v 1.132070 0.388516 -0.757716
v 0.950719 0.286221 -0.815071
v 0.599223 -0.439082 -0.317358
v 0.699483 -0.534658 -0.156380
v 1.439788 -0.592492 0.063743
v 1.784877 -0.121495 -0.071883
v 1.658686 0.311332 -0.466349
v 0.758264 0.217581 -0.702488
v 0.625269 0.133636 -0.502213
v 0.557479 -0.027482 -0.417259
v 0.546979 -0.190532 -0.312015
v 0.593685 -0.372888 -0.235904
v 1.564651 -0.406158 0.108333
v 1.686203 -0.259136 0.050612
v 1.717793 0.226150 -0.262513
v 1.613854 0.349693 -0.379370
v 1.444057 0.445533 -0.438615
v 1.269405 0.477301 -0.517729
v 1.082353 0.457727 -0.566718
v 0.746828 0.259419 -0.606751
v 0.603343 -0.302045 -0.158866
v 0.700719 -0.417788 -0.049388
v 0.839716 -0.452482 0.076306
v 1.001082 -0.481762 0.149354
v 1.173880 -0.463614 0.194567
v 1.361625 -0.440434 0.184924
v 1.513002 -0.333214 0.163636
v 1.626879 -0.195476 0.109559
v 1.692109 -0.040701 0.027987
v 1.702307 0.115959 -0.073096
v 1.656474 0.259170 -0.183795
v 1.530151 0.384191 -0.252604
v 0.894533 0.405367 -0.477550
v 0.746816 0.290338 -0.506297
v 0.667970 0.196911 -0.307890
v 0.612202 0.063921 -0.237705
v 0.603722 -0.070613 -0.150807
v 0.643361 -0.193520 -0.055701
v 0.716374 -0.333390 0.011264
v 1.316464 -0.353951 0.224015
v 1.425015 -0.219024 0.220566
v 1.522612 -0.100595 0.173966
v 1.616541 0.009000 0.081524
v 1.625800 0.151245 -0.010259
v 1.584181 0.281275 -0.110775
v 1.343442 0.454964 -0.255925
v 1.199247 0.481021 -0.321127
v 1.044876 0.464706 -0.361450
v 0.758229 0.309576 -0.403601
v 0.744203 -0.245314 0.061415
v 0.854822 -0.306378 0.138825
v 0.987954 -0.330675 0.199184
v 1.130567 -0.315826 0.236585
v 1.268701 -0.263286 0.247365
v 1.502694 0.291923 -0.045251
v 1.390466 0.380229 -0.098057
v 0.903773 0.395450 -0.269633
v 0.780785 0.316658 -0.301191
v 0.761935 0.222513 -0.124603
v 0.723747 0.130176 -0.075696
v 0.718395 0.036914 -0.015282
v 0.746402 -0.048144 0.050727
v 0.805028 -0.116671 0.115868
v 0.888534 -0.161960 0.173766
v 0.986140 -0.226687 0.214351
v 1.095852 -0.167800 0.246423
v 1.199371 -0.127779 0.254071
v 1.289168 -0.063431 0.240947
v 1.356455 0.018943 0.208335
v 1.394643 0.111280 0.159429
v 1.399995 0.204542 0.099014
v 1.414020 0.290850 0.011163
v 1.229856 0.403416 -0.090033
v 1.129645 0.421034 -0.135019
v 1.022538 0.409256 -0.162691
v 0.813930 0.311412 -0.201588
v 0.989858 -0.121649 0.214015
v 1.320342 0.278083 0.057078
v 1.270726 0.337057 0.001296
v 0.933978 0.348596 -0.118092
v 0.856847 0.293965 -0.107245
v 0.868985 0.216977 -0.001730
v 0.846362 0.163298 0.026560
v 0.842826 0.108966 0.061618
v 0.858721 0.059298 0.100010
v 0.892493 0.019156 0.137979
v 0.940835 -0.007530 0.171809
v 0.999016 -0.018148 0.198187
v 1.061340 -0.011659 0.214531
v 1.121707 0.011302 0.219243
v 1.174207 0.048488 0.211860
v 1.213702 0.096258 0.193105
v 1.236324 0.149936 0.164814
v 1.239861 0.204269 0.129757
v 1.223966 0.253937 0.091364
v 1.190194 0.294079 0.053395
v 1.141852 0.320765 0.019566
v 1.083671 0.331383 -0.006812
v 1.021347 0.324894 -0.023157
v 0.960980 0.301932 -0.027868
v 0.908480 0.264747 -0.020485
v 0.983936 0.086642 0.153901
v 1.013389 0.081267 0.167254
v 1.115898 0.133752 0.168677
v 1.094132 0.250971 0.081603
v 1.024694 0.254926 0.055203
v 0.937520 0.166948 0.088800
v 1.388975 -0.542275 -0.952397
v 1.032623 0.174149 0.121979
v -0.203903 -1.536823 0.137658
v -0.073919 -1.569904 0.202704
v -0.012381 -1.447812 0.141701
v -0.142925 -1.414685 0.076312
v -0.287617 -1.418189 0.062705
v -0.310241 -1.471867 0.090996
v -0.313777 -1.526200 0.126053
v -0.297882 -1.575868 0.164446
v -0.264110 -1.616010 0.202415
v -0.215768 -1.642696 0.236244
v -0.157587 -1.653314 0.262622
v -0.095263 -1.646825 0.278967
v -0.034896 -1.623863 0.283678
v 0.017604 -1.586678 0.276295
v 0.057099 -1.538908 0.257540
v 0.079722 -1.485229 0.229250
v 0.083259 -1.430897 0.194192
v 0.067363 -1.381229 0.155800
v 0.033591 -1.341087 0.117831
v -0.014751 -1.314401 0.084002
v -0.072932 -1.303783 0.057624
v -0.135256 -1.310272 0.041279
v -0.195623 -1.333233 0.036568
v -0.248123 -1.370419 0.043951
v -0.428037 -1.337062 0.045707
v -0.467576 -1.429153 0.094001
v -0.474376 -1.522566 0.154037
v -0.447770 -1.608157 0.219936
v -0.390363 -1.677548 0.285249
v -0.307774 -1.723945 0.343581
v -0.188144 -1.713793 0.342967
v -0.007890 -1.670534 0.373898
v 0.069237 -1.615895 0.363055
v 0.127260 -1.545714 0.335501
v 0.160496 -1.466853 0.293938
v 0.165693 -1.387030 0.242434
v 0.142340 -1.314061 0.186030
v 0.124141 -1.207770 0.142640
v 0.041553 -1.161372 0.084307
v -0.058133 -1.142508 0.038664
v -0.165158 -1.153025 0.010178
v -0.269046 -1.191893 0.001639
v -0.359628 -1.255308 0.013881
v -0.221079 -1.760092 0.431390
v -0.102532 -1.747749 0.462480
v 0.012293 -1.704074 0.471441
v 0.131375 -1.640131 0.510106
v 0.215514 -1.538960 0.470550
v 0.263924 -1.425140 0.410708
v 0.237036 -1.337029 0.301229
v 0.206801 -1.242555 0.228202
v -0.595627 -1.219864 0.081162
v -0.651917 -1.352759 0.151109
v -0.660956 -1.487351 0.237861
v -0.621859 -1.610464 0.332924
v -0.569685 -1.708305 0.465988
v -0.388713 -1.766772 0.465354
v -0.255581 -1.791069 0.525713
v -0.112968 -1.776220 0.563114
v 0.027910 -1.719524 0.783402
v 0.322542 -1.252827 0.407684
v 0.259159 -1.168471 0.281278
v 0.181881 -1.076617 0.194395
v 0.083152 -0.918674 0.155974
v -0.063502 -0.937286 0.069227
v -0.217842 -0.953113 0.028590
v -0.367420 -1.009758 0.016749
v -0.497596 -1.101674 0.034864
v -0.443120 -1.778164 0.554556
v -0.309696 -1.809210 0.674796
v -0.127634 -1.788973 0.666406
v 0.176139 -1.624887 0.713027
v 0.285774 -1.492527 0.661129
v 0.348663 -1.343738 0.582773
v 0.314757 -1.055322 0.379201
v 0.209710 -0.988541 0.244546
v -0.733739 -1.093268 0.173288
v -0.801741 -1.254347 0.258145
v -0.812469 -1.417421 0.363329
v -0.791715 -1.548086 0.518321
v -0.633014 -1.696843 0.549084
v -0.518603 -1.767243 0.694069
v -0.146167 -1.785694 0.769811
v 0.379178 -1.132015 0.568260
v 0.230324 -0.862370 0.339081
v 0.085977 -0.827197 0.207656
v -0.081779 -0.796581 0.131599
v -0.291199 -0.730656 0.139249
v -0.513717 -0.729417 0.192041
v -0.615120 -0.949950 0.117064
v -0.687770 -1.671624 0.635180
v -0.424108 -1.713410 1.008572
v -0.180260 -1.752653 0.920983
v 0.017678 -1.695796 0.885283
v 0.176113 -1.562858 0.912627
v 0.300847 -1.412074 0.853451
v 0.370080 -1.215350 0.809815
v 0.324904 -0.848551 0.615188
v 0.079677 -0.743368 0.270742
v -0.099385 -0.710689 0.189558
v -0.842495 -0.942534 0.355759
v -0.915707 -1.116247 0.447313
v -0.891350 -1.346210 0.478091
v -0.840544 -1.504960 0.600801
v -0.752475 -1.610711 0.765758
v -0.626215 -1.645391 0.961287
v 0.000018 -1.658365 0.981896
v 0.348849 -0.954325 0.823876
v 0.196982 -0.693028 0.534158
v 0.064405 -0.669253 0.343684
v -0.146920 -0.568926 0.337337
v -0.320759 -0.656018 0.207097
v -0.714674 -0.787950 0.295074
v -0.927140 -1.292074 0.560767
v -0.875693 -1.452801 0.685008
v -0.247908 -1.623239 1.136942
v -0.024654 -1.608118 1.070853
v 0.112079 -1.427442 1.126373
v 0.259104 -1.305077 1.028311
v 0.040541 -0.606669 0.424682
v -0.544794 -0.667584 0.271158
v -0.896290 -1.392887 0.768871
v -0.796031 -1.488463 0.929848
v -0.055725 -1.546297 1.149971
v 0.289363 -1.075299 1.014346
v 0.163172 -0.642474 0.619879
v -0.737249 -0.736225 0.383741
v -0.870245 -0.820169 0.584015
v -0.938034 -0.981287 0.668969
v -0.948535 -1.144337 0.774212
v -0.901828 -1.326694 0.850324
v 0.069138 -1.359963 1.194561
v 0.190689 -1.212942 1.136840
v 0.222280 -0.727655 0.823715
v 0.118341 -0.604112 0.706858
v -0.051456 -0.508273 0.647612
v -0.226108 -0.476504 0.568499
v -0.413161 -0.496078 0.519510
v -0.748686 -0.694386 0.479478
v -0.892171 -1.255851 0.927362
v -0.794794 -1.371593 1.036840
v -0.655798 -1.406287 1.162534
v -0.494431 -1.435568 1.235583
v -0.321633 -1.417420 1.280795
v -0.133889 -1.394239 1.271152
v 0.017488 -1.287020 1.249864
v 0.131365 -1.149281 1.195787
v 0.196595 -0.994507 1.114215
v 0.206793 -0.837847 1.013132
v 0.160961 -0.694636 0.902433
v 0.034638 -0.569615 0.833623
v -0.600980 -0.548438 0.608678
v -0.748698 -0.663467 0.579931
v -0.827544 -0.756894 0.778338
v -0.883312 -0.889885 0.848523
v -0.891792 -1.024418 0.935421
v -0.852153 -1.147325 1.030527
v -0.779140 -1.287195 1.097492
v -0.179050 -1.307757 1.310243
v -0.070499 -1.172828 1.306795
v 0.027099 -1.054400 1.260194
v 0.121027 -0.944805 1.167752
v 0.130286 -0.802560 1.075969
v 0.088668 -0.672530 0.975453
v -0.152072 -0.498841 0.830303
v -0.296267 -0.472784 0.765101
v -0.450637 -0.489099 0.724778
v -0.737285 -0.644229 0.682627
v -0.751311 -1.199119 1.147643
v -0.640692 -1.260184 1.225053
v -0.507560 -1.284480 1.285412
v -0.364947 -1.269632 1.322813
v -0.226813 -1.217091 1.333594
v 0.007181 -0.661883 1.040977
v -0.105048 -0.573576 0.988172
v -0.591741 -0.558356 0.816595
v -0.714728 -0.637147 0.785038
v -0.733578 -0.731292 0.961625
v -0.771766 -0.823629 1.010533
v -0.777119 -0.916891 1.070947
v -0.749111 -1.001949 1.136955
v -0.690486 -1.070477 1.202096
v -0.606980 -1.115766 1.259994
v -0.509374 -1.180492 1.300579
v -0.399662 -1.121605 1.332651
v -0.296143 -1.081584 1.340299
v -0.206345 -1.017237 1.327175
v -0.139059 -0.934863 1.294564
v -0.100871 -0.842526 1.245657
v -0.095518 -0.749263 1.185242
v -0.081494 -0.662955 1.097391
v -0.265658 -0.550389 0.996195
v -0.365868 -0.532771 0.951209
v -0.472975 -0.544550 0.923537
v -0.681584 -0.642394 0.884641
v -0.505656 -1.075454 1.300244
v -0.175172 -0.675722 1.143306
v -0.224788 -0.616748 1.087524
v -0.561536 -0.605210 0.968137
v -0.638666 -0.659841 0.978983
v -0.626528 -0.736828 1.084498
v -0.649151 -0.790507 1.112789
v -0.652688 -0.844840 1.147846
v -0.636793 -0.894508 1.186238
v -0.603021 -0.934650 1.224208
v -0.554679 -0.961336 1.258037
v -0.496498 -0.971954 1.284415
v -0.434174 -0.965465 1.300759
v -0.373807 -0.942503 1.305471
v -0.321307 -0.905318 1.298088
v -0.281812 -0.857547 1.279333
v -0.259189 -0.803869 1.251042
v -0.255652 -0.749536 1.215985
v -0.271548 -0.699868 1.177593
v -0.305320 -0.659727 1.139623
v -0.353662 -0.633041 1.105794
v -0.411843 -0.622422 1.079416
v -0.474167 -0.628912 1.063071
v -0.534533 -0.651873 1.058360
v -0.587034 -0.689058 1.065743
v -0.511578 -0.867163 1.240129
v -0.482125 -0.872538 1.253482
v -0.400485 -0.845457 1.263117
v -0.381433 -0.719137 1.187009
v -0.470820 -0.698879 1.141431
v -0.556749 -0.785122 1.174551
v -0.106539 -1.496080 0.133831
v -0.462891 -0.779656 1.208207