v -11.200445 -0.790684 -9.037560
v -8.960356 -0.790684 -9.037560
v -6.720267 -0.790684 -9.037560
v -4.480178 -0.790684 -9.037560
v -2.240089 -0.790684 -9.037560
v 0.000000 -0.790684 -9.037560
v 2.240090 -0.790684 -9.037560
v 4.480178 -0.790684 -9.037560
v 6.720267 -0.790684 -9.037560
v 8.960357 -0.790684 -9.037560
v 11.200445 -0.790684 -9.037560
v -11.200445 -0.632549 -7.230048
v -8.960356 -0.632549 -7.230048
v -6.720267 -0.632549 -7.230048
v -4.480178 -0.632549 -7.230048
v -2.240089 -0.632549 -7.230048
v 0.000000 -0.632549 -7.230048
v 2.240090 -0.632549 -7.230048
v 4.480178 -0.632549 -7.230048
v 6.720267 -0.632549 -7.230048
v 8.960357 -0.632549 -7.230048
v 11.200445 -0.632549 -7.230048
v -11.200445 -0.474409 -5.422536
v -8.960356 -0.474409 -5.422536
v -6.720267 -0.474409 -5.422536
v -4.480178 -0.474409 -5.422536
v -2.240089 -0.474409 -5.422536
v 0.000000 -0.474409 -5.422536
v 2.240090 -0.474409 -5.422536
v 4.480178 -0.474409 -5.422536
v 6.720267 -0.474409 -5.422536
v 8.960357 -0.474409 -5.422536
v 11.200445 -0.474409 -5.422536
v -11.200445 -0.316274 -3.615024
v -8.960356 -0.316274 -3.615024
v -6.720267 -0.316274 -3.615024
v -4.480178 -0.316274 -3.615024
v -2.240089 -0.316274 -3.615024
v 0.000000 -0.316274 -3.615024
v 2.240090 -0.316274 -3.615024
v 4.480178 -0.316274 -3.615024
v 6.720267 -0.316274 -3.615024
v 8.960357 -0.316274 -3.615024
v 11.200445 -0.316274 -3.615024
v -11.200445 -0.158137 -1.807512
v -8.960356 -0.158137 -1.807512
v -6.720267 -0.158137 -1.807512
v -4.480178 -0.158137 -1.807512
v -2.240089 -0.158137 -1.807512
v 0.000000 -0.158137 -1.807512
v 2.240090 -0.158137 -1.807512
v 4.480178 -0.158137 -1.807512
v 6.720267 -0.158137 -1.807512
v 8.960357 -0.158137 -1.807512
v 11.200445 -0.158137 -1.807512
v -11.200445 0.000000 0.000000
v -8.960356 0.000000 0.000000
v -6.720267 0.000000 0.000000
v -4.480178 0.000000 0.000000
v -2.240089 0.000000 0.000000
v 0.000000 0.000000 0.000000
v 2.240090 0.000000 0.000000
v 4.480178 0.000000 0.000000
v 6.720267 0.000000 0.000000
v 8.960357 0.000000 0.000000
v 11.200445 0.000000 0.000000
v -11.200445 0.158137 1.807512
v -8.960356 0.158137 1.807512
v -6.720267 0.158137 1.807512
v -4.480178 0.158137 1.807512
v -2.240089 0.158137 1.807512
v 0.000000 0.158137 1.807512
v 2.240090 0.158137 1.807512
v 4.480178 0.158137 1.807512
v 6.720267 0.158137 1.807512
v 8.960357 0.158137 1.807512
v 11.200445 0.158137 1.807512
v -11.200445 0.316274 3.615024
v -8.960356 0.316274 3.615024
v -6.720267 0.316274 3.615024
v -4.480178 0.316274 3.615024
v -2.240089 0.316274 3.615024
v 0.000000 0.316274 3.615024
v 2.240090 0.316274 3.615024
v 4.480178 0.316274 3.615024
v 6.720267 0.316274 3.615024
v 8.960357 0.316274 3.615024
v 11.200445 0.316274 3.615024
v -11.200445 0.474409 5.422536
v -8.960356 0.474409 5.422536
v -6.720267 0.474409 5.422536
v -4.480178 0.474409 5.422536
v -2.240089 0.474409 5.422536
v 0.000000 0.474409 5.422536
v 2.240090 0.474409 5.422536
v 4.480178 0.474409 5.422536
v 6.720267 0.474409 5.422536
v 8.960357 0.474409 5.422536
v 11.200445 0.474409 5.422536
v -11.200445 0.632548 7.230049
v -8.960356 0.632548 7.230049
v -6.720267 0.632548 7.230049
v -4.480178 0.632548 7.230049
v -2.240089 0.632548 7.230049
v 0.000000 0.632548 7.230049
v 2.240090 0.632548 7.230049
v 4.480178 0.632548 7.230049
v 6.720267 0.632548 7.230049
v 8.960357 0.632548 7.230049
v 11.200445 0.632548 7.230049
v -11.200445 0.790684 9.037560
v -8.960356 0.790684 9.037560
v -6.720267 0.790684 9.037560
v -4.480178 0.790684 9.037560
v -2.240089 0.790684 9.037560
v 0.000000 0.790684 9.037560
v 2.240090 0.790684 9.037560
v 4.480178 0.790684 9.037560
v 6.720267 0.790684 9.037560
v 8.960357 0.790684 9.037560
v 11.200445 0.790684 9.037560