vn -0.093608 -0.847728 -0.522107
vn -0.106727 -0.872786 -0.476292
vn -0.225001 -0.804169 -0.550170
vn -0.245708 -0.849310 -0.467226
vn -0.103104 -0.897576 -0.428633
vn -0.236286 -0.893540 -0.381780
vn -0.083094 -0.919672 -0.383796
vn -0.197657 -0.932529 -0.302194
vn -0.048654 -0.936909 -0.346171
vn -0.133602 -0.962461 -0.236261
vn -0.003157 -0.947602 -0.319437
vn -0.050392 -0.980406 -0.190434
vn 0.048943 -0.950704 -0.306214
vn 0.043829 -0.984607 -0.169198
vn 0.102549 -0.945910 -0.307796
vn 0.139837 -0.974653 -0.174632
vn 0.152411 -0.933690 -0.324027
vn 0.228234 -0.951519 -0.206205
vn 0.193649 -0.915241 -0.353319
vn 0.300368 -0.917469 -0.260826
vn 0.222226 -0.892368 -0.392805
vn 0.349177 -0.875836 -0.333147
vn 0.235346 -0.867309 -0.438620
vn 0.369885 -0.830695 -0.416091
vn 0.231723 -0.842519 -0.486279
vn 0.360462 -0.786465 -0.501538
vn 0.211712 -0.820424 -0.531115
vn 0.321834 -0.747476 -0.581122
vn 0.177272 -0.803187 -0.568740
vn 0.257779 -0.717544 -0.647055
vn 0.131775 -0.792493 -0.595475
vn 0.174568 -0.699599 -0.692883
vn 0.079673 -0.789391 -0.608699
vn 0.080348 -0.695397 -0.714120
vn 0.026069 -0.794185 -0.607116
vn -0.015659 -0.705351 -0.708685
vn -0.023792 -0.806404 -0.590886
vn -0.104057 -0.728486 -0.677112
vn -0.065030 -0.824855 -0.561593
vn -0.176191 -0.762536 -0.622492
vn -0.364357 -0.735294 -0.571477
vn -0.394134 -0.801638 -0.449482
vn -0.379638 -0.866548 -0.323991
vn -0.322285 -0.923669 -0.207288
vn -0.227691 -0.967409 -0.110799
vn -0.105115 -0.993488 -0.043968
vn 0.033445 -0.999352 -0.013336
vn 0.174424 -0.984427 -0.021903
vn 0.304024 -0.950175 -0.068830
vn 0.409558 -0.899948 -0.149522
vn 0.480695 -0.838663 -0.256081
vn 0.510473 -0.772318 -0.378078
vn 0.495975 -0.707409 -0.503569
vn 0.438623 -0.650288 -0.620270
vn 0.344029 -0.606547 -0.716760
vn 0.221453 -0.580469 -0.783591
vn 0.082894 -0.574605 -0.814222
vn -0.058085 -0.589530 -0.805655
vn -0.187686 -0.623782 -0.758729
vn -0.293219 -0.674008 -0.678038
vn -0.494748 -0.648315 -0.578717
vn -0.532863 -0.734230 -0.420670
vn -0.513648 -0.818222 -0.258221
vn -0.438983 -0.892069 -0.107275
vn -0.316177 -0.948541 0.017395
vn -0.157252 -0.982111 0.103585
vn 0.022237 -0.989493 0.142859
vn 0.204719 -0.969965 0.131371
vn 0.372332 -0.925437 0.070245
vn 0.508668 -0.860270 -0.034533
vn 0.600383 -0.780840 -0.172709
vn 0.638499 -0.694925 -0.330755
vn 0.619283 -0.610933 -0.493203
vn 0.544618 -0.537087 -0.644150
vn 0.421813 -0.480615 -0.768820
vn 0.262887 -0.447044 -0.855010
vn 0.083398 -0.439661 -0.894283
vn -0.099084 -0.459190 -0.882795
vn -0.266697 -0.503718 -0.821670
vn -0.403033 -0.568885 -0.716892
vn -0.612963 -0.545368 -0.571708
vn -0.658479 -0.648740 -0.381499
vn -0.635018 -0.749747 -0.186093
vn -0.544879 -0.838502 -0.004617
vn -0.396884 -0.906316 0.145167
vn -0.205521 -0.946553 0.248595
vn 0.010480 -0.955272 0.295543
vn 0.229974 -0.931621 0.281417
vn 0.431475 -0.877914 0.207597
vn 0.595259 -0.799409 0.081312
vn 0.705295 -0.703791 -0.085078
vn 0.750810 -0.600419 -0.275286
vn 0.727349 -0.499411 -0.470692
vn 0.637210 -0.410656 -0.652169
vn 0.489215 -0.342842 -0.801952
vn 0.297851 -0.302605 -0.905381
vn 0.081851 -0.293887 -0.952329
vn -0.137643 -0.317538 -0.938203
vn -0.339144 -0.371244 -0.864383
vn -0.502928 -0.449749 -0.738098
vn -0.716090 -0.428984 -0.550624
vn -0.767887 -0.547269 -0.332937
vn -0.740760 -0.662805 -0.109382
vn -0.637366 -0.764284 0.098159
vn -0.467825 -0.841772 0.269369
vn -0.248735 -0.887684 0.387489
vn -0.001539 -0.897526 0.440959
vn 0.249563 -0.870334 0.424543
vn 0.479993 -0.808771 0.339847
vn 0.667194 -0.718862 0.195164
vn 0.792843 -0.609409 0.004654
vn 0.844639 -0.491124 -0.213032
vn 0.817512 -0.375588 -0.436587
vn 0.714118 -0.274110 -0.644127
vn 0.544577 -0.196621 -0.815338
vn 0.325487 -0.150709 -0.933459
vn 0.078292 -0.140868 -0.986928
vn -0.172811 -0.168059 -0.970511
vn -0.403241 -0.229622 -0.885816
vn -0.590441 -0.319531 -0.741134
vn -0.801586 -0.302029 -0.515983
vn -0.858388 -0.432314 -0.276178
vn -0.828265 -0.559535 -0.029978
vn -0.714163 -0.671240 0.198517
vn -0.527253 -0.756493 0.386940
vn -0.285829 -0.806952 0.516847
vn -0.013526 -0.817675 0.575522
vn 0.263003 -0.787613 0.557221
vn 0.516689 -0.719709 0.463736
vn 0.722700 -0.620610 0.304218
vn 0.860869 -0.500016 0.094281
vn 0.917671 -0.369733 -0.145525
vn 0.887547 -0.242512 -0.391724
vn 0.773446 -0.130807 -0.620219
vn 0.586535 -0.045553 -0.808642
vn 0.345112 0.004905 -0.938549
vn 0.072808 0.015629 -0.997223
vn -0.203721 -0.014434 -0.978923
vn -0.457406 -0.082337 -0.885438
vn -0.663416 -0.181435 -0.725920
vn -0.867341 -0.167629 -0.468637
vn -0.927753 -0.306705 -0.212618
vn -0.895375 -0.442478 0.050164
vn -0.773377 -0.561657 0.293987
vn -0.573700 -0.652580 0.494983
vn -0.315890 -0.706342 0.633478
vn -0.025184 -0.717683 0.695915
vn 0.269962 -0.685492 0.676182
vn 0.540658 -0.612920 0.576210
vn 0.760405 -0.507072 0.405787
vn 0.907694 -0.378308 0.181593
vn 0.968106 -0.239232 -0.074426
vn 0.935728 -0.103459 -0.337208
vn 0.813730 0.015721 -0.581031
vn 0.614053 0.106642 -0.782027
vn 0.356243 0.160405 -0.920522
vn 0.065537 0.171746 -0.982959
vn -0.229609 0.139555 -0.963226
vn -0.500305 0.066983 -0.863255
vn -0.720052 -0.038865 -0.692831
vn -0.911734 -0.029094 -0.409750
vn -0.974269 -0.173536 -0.143823
vn -0.940436 -0.314517 0.129070
vn -0.813547 -0.438238 0.382215
vn -0.606023 -0.532588 0.590836
vn -0.338176 -0.588331 0.734509
vn -0.036227 -0.600011 0.799171
vn 0.270268 -0.566484 0.778493
vn 0.551307 -0.491033 0.674498
vn 0.779380 -0.381043 0.497366
vn 0.932162 -0.247279 0.264437
vn 0.994697 -0.102838 -0.001489
vn 0.960864 0.038143 -0.274382
vn 0.833975 0.161864 -0.527528
vn 0.626450 0.256214 -0.736148
vn 0.358604 0.311958 -0.879821
vn 0.056655 0.323637 -0.944484
vn -0.249839 0.290111 -0.923805
vn -0.530879 0.214659 -0.819811
vn -0.758952 0.104668 -0.642680
vn -0.933670 0.110160 -0.340772
vn -0.996789 -0.036089 -0.071487
vn -0.962334 -0.178808 0.204794
vn -0.833680 -0.304022 0.461029
vn -0.623419 -0.399477 0.672136
vn -0.352134 -0.455828 0.817449
vn -0.046379 -0.467559 0.882744
vn 0.263915 -0.433523 0.861630
vn 0.548375 -0.357050 0.756174
vn 0.779157 -0.245627 0.576699
vn 0.933670 -0.110160 0.340771
vn 0.996788 0.036090 0.071487
vn 0.962334 0.178808 -0.204794
vn 0.833680 0.304022 -0.461029
vn 0.623420 0.399477 -0.672136
vn 0.352134 0.455828 -0.817449
vn 0.046380 0.467559 -0.882744
vn -0.263915 0.433523 -0.861630
vn -0.548375 0.357050 -0.756175
vn -0.779157 0.245627 -0.576699
vn -0.932608 0.246702 -0.263400
vn -0.994756 0.102245 0.002610
vn -0.960529 -0.038694 0.275475
vn -0.833279 -0.162318 0.528487
vn -0.625461 -0.256526 0.736880
vn -0.357419 -0.312097 0.880254
vn -0.055390 -0.323592 0.944574
vn 0.251061 -0.289884 0.923545
vn 0.531937 -0.214273 0.819225
vn 0.759743 -0.104162 0.641826
vn 0.912181 0.029673 0.408712
vn 0.974328 0.174129 0.142703
vn 0.940101 0.315068 -0.130163
vn 0.812851 0.438691 -0.383175
vn 0.605033 0.532900 -0.591568
vn 0.336991 0.588471 -0.734941
vn 0.034962 0.599965 -0.799262
vn -0.271489 0.566257 -0.778233
vn -0.552365 0.490647 -0.673913
vn -0.780171 0.380537 -0.496513
vn -0.908577 0.377164 -0.179540
vn -0.968222 0.238059 0.076643
vn -0.935065 0.102370 0.339372
vn -0.812353 -0.016618 0.582930
vn -0.612096 -0.107259 0.783476
vn -0.353899 -0.160682 0.921378
vn -0.063033 -0.171655 0.983138
vn 0.232027 -0.139105 0.962712
vn 0.502399 -0.066220 0.862097
vn 0.721618 0.039869 0.691143
vn 0.868225 0.168774 0.466584
vn 0.927870 0.307879 0.210401
vn 0.894713 0.443566 -0.052328
vn 0.772000 0.562555 -0.295886
vn 0.571744 0.653196 -0.496431
vn 0.313546 0.706618 -0.634334
vn 0.022681 0.717592 -0.696095
vn -0.272379 0.685043 -0.675667
vn -0.542751 0.612157 -0.575052
vn -0.761970 0.506069 -0.404099
vn -0.862171 0.498331 -0.091257
vn -0.917843 0.368003 0.148790
vn -0.886571 0.240908 0.394912
vn -0.771417 0.129486 0.623017
vn -0.583653 0.044644 0.810775
vn -0.341658 -0.005312 0.939809
vn -0.069121 -0.015495 0.997488
vn 0.207281 0.015094 0.978165
vn 0.460491 0.083462 0.883732
vn 0.665723 0.182914 0.723433
vn 0.802888 0.303717 0.512959
vn 0.858560 0.434044 0.272912
vn 0.827288 0.561139 0.026790
vn 0.712134 0.672560 -0.201314
vn 0.524370 0.757402 -0.389073
vn 0.282375 0.807359 -0.518107
vn 0.009838 0.817541 -0.575786
vn -0.266563 0.786952 -0.556463
vn -0.519773 0.718584 -0.462031
vn -0.725005 0.619133 -0.301731
vn -0.794535 0.607218 -0.000726
vn -0.844861 0.488878 0.217275
vn -0.816244 0.373505 0.440727
vn -0.711483 0.272392 0.647761
vn -0.540833 0.195441 0.818109
vn -0.320999 0.150180 0.935096
vn -0.073501 0.141041 0.987272
vn 0.177436 0.168919 0.969527
vn 0.407248 0.231084 0.883600
vn 0.593439 0.321451 0.737902
vn 0.717783 0.431176 0.546695
vn 0.768109 0.549516 0.328695
vn 0.739491 0.664889 0.105241
vn 0.634730 0.766000 -0.101793
vn 0.464081 0.842952 -0.272140
vn 0.244247 0.888214 -0.389127
vn -0.003251 0.897353 -0.441303
vn -0.254188 0.869475 -0.423559
vn -0.484000 0.807310 -0.337632
vn -0.670191 0.716942 -0.191934
vn -0.707338 0.701146 0.089823
vn -0.751080 0.597705 0.280408
vn -0.725818 0.496895 0.475692
vn -0.634028 0.408584 0.656558
vn -0.484692 0.341417 0.805300
vn -0.292432 0.301967 0.907359
vn -0.076066 0.294096 0.952744
vn 0.143228 0.318576 0.937014
vn 0.343983 0.373009 0.861708
vn 0.506547 0.452068 0.734197
vn 0.615008 0.548013 0.566963
vn 0.658748 0.651453 0.376376
vn 0.633487 0.752263 0.181093
vn 0.541697 0.840574 0.000228
vn 0.392362 0.907742 -0.148514
vn 0.200102 0.947192 -0.250573
vn -0.016265 0.955062 -0.295959
vn -0.235559 0.930583 -0.280229
vn -0.436313 0.876149 -0.204922
vn -0.598877 0.797091 -0.077411
vn -0.602731 0.777802 0.178156
vn -0.638808 0.691808 0.336639
vn -0.617523 0.608044 0.498947
vn -0.540963 0.534707 0.649190
vn -0.416618 0.478978 0.772664
vn -0.256664 0.446310 0.857281
vn -0.076754 0.439902 0.894760
vn 0.105499 0.460382 0.881430
vn 0.272254 0.505744 0.818597
vn 0.407189 0.571548 0.712411
vn 0.497095 0.651353 0.573267
vn 0.533173 0.737347 0.414785
vn 0.511889 0.821112 0.252479
vn 0.435328 0.894448 0.102235
vn 0.310984 0.950178 -0.021239
vn 0.151029 0.982845 -0.105857
vn -0.028881 0.989253 -0.143335
vn -0.211133 0.968773 -0.130005
vn -0.377889 0.923411 -0.067172
vn -0.512824 0.857607 0.039013
vn -0.483288 0.835305 0.262103
vn -0.510814 0.768874 0.384581
vn -0.494032 0.704215 0.509915
vn -0.434583 0.647658 0.625841
vn -0.338289 0.604738 0.721008
vn -0.214576 0.579657 0.786101
vn -0.075551 0.574871 0.814749
vn 0.065175 0.590847 0.804147
vn 0.193827 0.626021 0.755333
vn 0.297812 0.676952 0.673086
vn 0.366951 0.738652 0.565456
vn 0.394476 0.805083 0.442979
vn 0.377693 0.869742 0.317643
vn 0.318245 0.926299 0.201718
vn 0.221951 0.969219 0.106551
vn 0.098237 0.994299 0.041458
vn -0.040787 0.999086 0.012810
vn -0.181513 0.983110 0.023412
vn -0.310165 0.947935 0.072225
vn -0.414150 0.897005 0.154472
vn -0.351953 0.872242 0.339592
vn -0.370250 0.827008 0.423052
vn -0.358381 0.783047 0.508331
vn -0.317509 0.744661 0.587085
vn -0.251636 0.715607 0.651603
vn -0.167208 0.698730 0.695570
vn -0.072489 0.695682 0.714683
vn 0.023248 0.706761 0.707070
vn 0.110631 0.730883 0.673477
vn 0.181107 0.765685 0.617192
vn 0.227777 0.807763 0.543724
vn 0.246074 0.852996 0.460267
vn 0.234205 0.896958 0.374986
vn 0.193333 0.935344 0.296232
vn 0.127459 0.964398 0.231714
vn 0.043031 0.981274 0.187747
vn -0.051687 0.984323 0.168634
vn -0.147424 0.973244 0.176247
vn -0.234807 0.949122 0.209840
vn -0.305283 0.914319 0.266125
vn -0.227447 0.885608 0.404928
vn -0.236032 0.860375 0.451711
vn -0.227809 0.836091 0.499055
vn -0.203580 0.815129 0.542328
vn -0.165719 0.799544 0.577293
vn -0.117931 0.790860 0.600528
vn -0.064893 0.789927 0.609758
vn -0.011798 0.796837 0.604079
vn 0.036156 0.810914 0.584048
vn 0.074276 0.830778 0.551625
vn 0.098830 0.854487 0.509985
vn 0.107414 0.879719 0.463202
vn 0.099190 0.904005 0.415856
vn 0.074961 0.924966 0.372583
vn 0.037100 0.940552 0.337618
vn -0.010689 0.949236 0.314383
vn -0.063727 0.950169 0.305153
vn -0.116820 0.943258 0.310832
vn -0.164774 0.929182 0.330863
vn -0.202893 0.909317 0.363286
vn 0.065283 -0.883224 -0.464384
vn -0.065283 0.883225 0.464384
vn -0.093608 -0.847728 -0.522106
vn -0.106727 -0.872785 -0.476293
vn -0.225001 -0.804169 -0.550170
vn -0.245708 -0.849310 -0.467227
vn -0.103104 -0.897575 -0.428635
vn -0.236286 -0.893540 -0.381779
vn -0.083093 -0.919672 -0.383796
vn -0.197657 -0.932529 -0.302194
vn -0.048654 -0.936910 -0.346170
vn -0.133602 -0.962461 -0.236261
vn -0.003157 -0.947602 -0.319437
vn -0.050391 -0.980406 -0.190433
vn 0.048944 -0.950704 -0.306213
vn 0.043828 -0.984607 -0.169198
vn 0.102549 -0.945910 -0.307795
vn 0.139836 -0.974653 -0.174632
vn 0.152411 -0.933690 -0.324028
vn 0.228234 -0.951519 -0.206205
vn 0.193649 -0.915241 -0.353320
vn 0.300368 -0.917469 -0.260825
vn 0.222227 -0.892368 -0.392805
vn 0.349177 -0.875836 -0.333148
vn 0.235345 -0.867309 -0.438620
vn 0.369884 -0.830695 -0.416091
vn 0.231722 -0.842519 -0.486278
vn 0.360462 -0.786465 -0.501537
vn 0.211711 -0.820423 -0.531116
vn 0.321833 -0.747476 -0.581122
vn 0.177271 -0.803186 -0.568742
vn 0.257778 -0.717544 -0.647056
vn 0.131776 -0.792493 -0.595474
vn 0.174569 -0.699599 -0.692883
vn 0.079675 -0.789392 -0.608697
vn 0.080347 -0.695397 -0.714120
vn 0.026068 -0.794185 -0.607116
vn -0.015660 -0.705351 -0.708685
vn -0.023793 -0.806405 -0.590885
vn -0.104057 -0.728485 -0.677112
vn -0.065031 -0.824855 -0.561592
vn -0.176191 -0.762536 -0.622491
vn -0.364357 -0.735294 -0.571478
vn -0.394134 -0.801639 -0.449482
vn -0.379637 -0.866548 -0.323990
vn -0.322285 -0.923669 -0.207289
vn -0.227691 -0.967409 -0.110800
vn -0.105115 -0.993488 -0.043969
vn 0.033444 -0.999352 -0.013337
vn 0.174424 -0.984427 -0.021903
vn 0.304024 -0.950175 -0.068830
vn 0.409558 -0.899948 -0.149521
vn 0.480694 -0.838663 -0.256082
vn 0.510472 -0.772318 -0.378078
vn 0.495976 -0.707409 -0.503568
vn 0.438623 -0.650288 -0.620271
vn 0.344029 -0.606547 -0.716760
vn 0.221453 -0.580469 -0.783591
vn 0.082894 -0.574605 -0.814222
vn -0.058086 -0.589530 -0.805656
vn -0.187686 -0.623782 -0.758729
vn -0.293219 -0.674009 -0.678037
vn -0.494748 -0.648315 -0.578717
vn -0.532863 -0.734230 -0.420669
vn -0.513648 -0.818222 -0.258221
vn -0.438983 -0.892069 -0.107275
vn -0.316177 -0.948541 0.017395
vn -0.157252 -0.982111 0.103585
vn 0.022237 -0.989493 0.142858
vn 0.204719 -0.969965 0.131370
vn 0.372332 -0.925437 0.070245
vn 0.508668 -0.860270 -0.034533
vn 0.600383 -0.780840 -0.172709
vn 0.638499 -0.694925 -0.330755
vn 0.619283 -0.610932 -0.493203
vn 0.544618 -0.537086 -0.644150
vn 0.421813 -0.480614 -0.768820
vn 0.262887 -0.447044 -0.855010
vn 0.083398 -0.439661 -0.894283
vn -0.099084 -0.459190 -0.882795
vn -0.266697 -0.503717 -0.821670
vn -0.403033 -0.568885 -0.716892
vn -0.612963 -0.545367 -0.571708
vn -0.658479 -0.648740 -0.381499
vn -0.635018 -0.749747 -0.186094
vn -0.544879 -0.838502 -0.004616
vn -0.396884 -0.906316 0.145167
vn -0.205521 -0.946553 0.248595
vn 0.010480 -0.955272 0.295544
vn 0.229974 -0.931620 0.281417
vn 0.431475 -0.877914 0.207598
vn 0.595259 -0.799409 0.081312
vn 0.705295 -0.703790 -0.085078
vn 0.750810 -0.600418 -0.275286
vn 0.727350 -0.499411 -0.470692
vn 0.637210 -0.410657 -0.652169
vn 0.489215 -0.342842 -0.801953
vn 0.297851 -0.302606 -0.905381
vn 0.081851 -0.293886 -0.952329
vn -0.137643 -0.317538 -0.938203
vn -0.339144 -0.371245 -0.864384
vn -0.502928 -0.449749 -0.738099
vn -0.716090 -0.428984 -0.550624
vn -0.767886 -0.547269 -0.332937
vn -0.740759 -0.662805 -0.109382
vn -0.637366 -0.764284 0.098158
vn -0.467825 -0.841772 0.269369
vn -0.248734 -0.887684 0.387490
vn -0.001539 -0.897526 0.440959
vn 0.249563 -0.870334 0.424542
vn 0.479993 -0.808771 0.339847
vn 0.667194 -0.718862 0.195164
vn 0.792843 -0.609408 0.004654
vn 0.844638 -0.491125 -0.213032
vn 0.817512 -0.375588 -0.436587
vn 0.714118 -0.274110 -0.644127
vn 0.544577 -0.196622 -0.815338
vn 0.325487 -0.150709 -0.933459
vn 0.078292 -0.140868 -0.986928
vn -0.172811 -0.168059 -0.970512
vn -0.403241 -0.229622 -0.885816
vn -0.590442 -0.319531 -0.741133
vn -0.801585 -0.302030 -0.515984
vn -0.858388 -0.432314 -0.276178
vn -0.828264 -0.559535 -0.029978
vn -0.714163 -0.671240 0.198517
vn -0.527252 -0.756494 0.386939
vn -0.285829 -0.806952 0.516847
vn -0.013526 -0.817675 0.575521
vn 0.263003 -0.787613 0.557221
vn 0.516689 -0.719709 0.463736
vn 0.722700 -0.620610 0.304217
vn 0.860868 -0.500017 0.094280
vn 0.917671 -0.369733 -0.145525
vn 0.887547 -0.242512 -0.391724
vn 0.773446 -0.130807 -0.620219
vn 0.586535 -0.045553 -0.808642
vn 0.345112 0.004905 -0.938549
vn 0.072809 0.015628 -0.997224
vn -0.203721 -0.014433 -0.978923
vn -0.457406 -0.082337 -0.885438
vn -0.663416 -0.181436 -0.725920
vn -0.867341 -0.167629 -0.468637
vn -0.927753 -0.306705 -0.212618
vn -0.895375 -0.442478 0.050164
vn -0.773377 -0.561658 0.293987
vn -0.573700 -0.652579 0.494983
vn -0.315891 -0.706342 0.633478
vn -0.025184 -0.717683 0.695915
vn 0.269962 -0.685492 0.676182
vn 0.540658 -0.612920 0.576210
vn 0.760405 -0.507072 0.405786
vn 0.907694 -0.378307 0.181593
vn 0.968106 -0.239232 -0.074426
vn 0.935728 -0.103459 -0.337208
vn 0.813730 0.015722 -0.581031
vn 0.614053 0.106642 -0.782027
vn 0.356243 0.160405 -0.920522
vn 0.065536 0.171746 -0.982959
vn -0.229609 0.139555 -0.963226
vn -0.500305 0.066983 -0.863255
vn -0.720052 -0.038865 -0.692831
vn -0.911733 -0.029094 -0.409751
vn -0.974269 -0.173536 -0.143824
vn -0.940436 -0.314517 0.129069
vn -0.813547 -0.438238 0.382215
vn -0.606022 -0.532588 0.590836
vn -0.338176 -0.588331 0.734509
vn -0.036227 -0.600011 0.799171
vn 0.270268 -0.566485 0.778493
vn 0.551307 -0.491033 0.674498
vn 0.779380 -0.381042 0.497367
vn 0.932162 -0.247279 0.264437
vn 0.994697 -0.102838 -0.001489
vn 0.960864 0.038143 -0.274382
vn 0.833975 0.161864 -0.527528
vn 0.626450 0.256214 -0.736148
vn 0.358604 0.311958 -0.879821
vn 0.056655 0.323637 -0.944484
vn -0.249840 0.290110 -0.923805
vn -0.530879 0.214659 -0.819811
vn -0.758952 0.104669 -0.642679
vn -0.933670 0.110160 -0.340773
vn -0.996788 -0.036090 -0.071488
vn -0.962334 -0.178808 0.204794
vn -0.833680 -0.304022 0.461029
vn -0.623420 -0.399477 0.672136
vn -0.352134 -0.455828 0.817449
vn -0.046380 -0.467559 0.882744
vn 0.263915 -0.433523 0.861630
vn 0.548375 -0.357050 0.756174
vn 0.779157 -0.245627 0.576698
vn 0.933670 -0.110160 0.340771
vn 0.996788 0.036090 0.071488
vn 0.962334 0.178807 -0.204795
vn 0.833680 0.304022 -0.461029
vn 0.623420 0.399477 -0.672135
vn 0.352134 0.455828 -0.817449
vn 0.046380 0.467559 -0.882744
vn -0.263915 0.433523 -0.861630
vn -0.548375 0.357050 -0.756174
vn -0.779157 0.245627 -0.576699
vn -0.932608 0.246702 -0.263401
vn -0.994756 0.102245 0.002609
vn -0.960529 -0.038694 0.275475
vn -0.833279 -0.162317 0.528488
vn -0.625462 -0.256526 0.736880
vn -0.357419 -0.312097 0.880254
vn -0.055390 -0.323591 0.944574
vn 0.251061 -0.289884 0.923545
vn 0.531937 -0.214273 0.819225
vn 0.759743 -0.104162 0.641826
vn 0.912181 0.029673 0.408713
vn 0.974328 0.174130 0.142703
vn 0.940101 0.315068 -0.130163
vn 0.812851 0.438692 -0.383175
vn 0.605034 0.532899 -0.591568
vn 0.336992 0.588471 -0.734941
vn 0.034962 0.599965 -0.799262
vn -0.271488 0.566257 -0.778233
vn -0.552365 0.490647 -0.673913
vn -0.780171 0.380536 -0.496514
vn -0.908577 0.377164 -0.179540
vn -0.968222 0.238058 0.076643
vn -0.935065 0.102371 0.339372
vn -0.812353 -0.016617 0.582930
vn -0.612096 -0.107259 0.783476
vn -0.353899 -0.160681 0.921378
vn -0.063034 -0.171655 0.983139
vn 0.232026 -0.139105 0.962712
vn 0.502399 -0.066219 0.862097
vn 0.721618 0.039869 0.691143
vn 0.868225 0.168774 0.466584
vn 0.927869 0.307879 0.210401
vn 0.894713 0.443566 -0.052328
vn 0.772000 0.562554 -0.295886
vn 0.571744 0.653196 -0.496432
vn 0.313545 0.706619 -0.634334
vn 0.022681 0.717592 -0.696094
vn -0.272378 0.685043 -0.675668
vn -0.542751 0.612157 -0.575053
vn -0.761970 0.506069 -0.404100
vn -0.862171 0.498331 -0.091257
vn -0.917843 0.368003 0.148790
vn -0.886571 0.240908 0.394912
vn -0.771417 0.129486 0.623017
vn -0.583653 0.044644 0.810775
vn -0.341658 -0.005313 0.939809
vn -0.069121 -0.015495 0.997488
vn 0.207281 0.015095 0.978165
vn 0.460491 0.083462 0.883732
vn 0.665723 0.182914 0.723433
vn 0.802888 0.303717 0.512959
vn 0.858560 0.434043 0.272912
vn 0.827288 0.561138 0.026790
vn 0.712134 0.672560 -0.201315
vn 0.524370 0.757403 -0.389073
vn 0.282375 0.807359 -0.518108
vn 0.009838 0.817541 -0.575786
vn -0.266563 0.786951 -0.556463
vn -0.519773 0.718585 -0.462030
vn -0.725005 0.619133 -0.301731
vn -0.794535 0.607218 -0.000726
vn -0.844861 0.488877 0.217275
vn -0.816243 0.373505 0.440728
vn -0.711482 0.272393 0.647762
vn -0.540833 0.195441 0.818109
vn -0.320999 0.150180 0.935097
vn -0.073501 0.141041 0.987272
vn 0.177436 0.168918 0.969527
vn 0.407248 0.231083 0.883600
vn 0.593439 0.321451 0.737902
vn 0.717783 0.431175 0.546695
vn 0.768110 0.549516 0.328695
vn 0.739491 0.664889 0.105241
vn 0.634730 0.766000 -0.101792
vn 0.464081 0.842952 -0.272140
vn 0.244247 0.888214 -0.389127
vn -0.003252 0.897353 -0.441303
vn -0.254188 0.869475 -0.423558
vn -0.484000 0.807310 -0.337631
vn -0.670190 0.716942 -0.191934
vn -0.707338 0.701146 0.089822
vn -0.751079 0.597705 0.280409
vn -0.725818 0.496895 0.475693
vn -0.634027 0.408584 0.656558
vn -0.484693 0.341416 0.805300
vn -0.292433 0.301967 0.907358
vn -0.076065 0.294096 0.952744
vn 0.143228 0.318576 0.937014
vn 0.343983 0.373009 0.861708
vn 0.506547 0.452068 0.734197
vn 0.615008 0.548013 0.566964
vn 0.658748 0.651454 0.376376
vn 0.633487 0.752263 0.181093
vn 0.541697 0.840574 0.000228
vn 0.392362 0.907742 -0.148513
vn 0.200102 0.947192 -0.250573
vn -0.016264 0.955062 -0.295959
vn -0.235559 0.930583 -0.280228
vn -0.436314 0.876149 -0.204922
vn -0.598877 0.797091 -0.077412
vn -0.602730 0.777802 0.178157
vn -0.638808 0.691808 0.336639
vn -0.617524 0.608043 0.498946
vn -0.540963 0.534707 0.649190
vn -0.416619 0.478977 0.772664
vn -0.256663 0.446310 0.857281
vn -0.076754 0.439902 0.894760
vn 0.105499 0.460382 0.881430
vn 0.272254 0.505744 0.818597
vn 0.407189 0.571548 0.712411
vn 0.497095 0.651353 0.573268
vn 0.533172 0.737347 0.414785
vn 0.511889 0.821112 0.252478
vn 0.435328 0.894448 0.102235
vn 0.310984 0.950178 -0.021239
vn 0.151029 0.982845 -0.105857
vn -0.028881 0.989253 -0.143335
vn -0.211134 0.968773 -0.130005
vn -0.377889 0.923411 -0.067172
vn -0.512824 0.857607 0.039013
vn -0.483289 0.835305 0.262103
vn -0.510814 0.768874 0.384580
vn -0.494031 0.704215 0.509916
vn -0.434583 0.647658 0.625840
vn -0.338289 0.604738 0.721008
vn -0.214575 0.579658 0.786101
vn -0.075551 0.574871 0.814749
vn 0.065175 0.590847 0.804147
vn 0.193827 0.626022 0.755333
vn 0.297812 0.676951 0.673086
vn 0.366951 0.738652 0.565456
vn 0.394476 0.805083 0.442978
vn 0.377694 0.869742 0.317643
vn 0.318246 0.926299 0.201718
vn 0.221952 0.969219 0.106551
vn 0.098238 0.994299 0.041458
vn -0.040787 0.999086 0.012810
vn -0.181513 0.983110 0.023412
vn -0.310165 0.947935 0.072226
vn -0.414150 0.897005 0.154473
vn -0.351954 0.872242 0.339592
vn -0.370250 0.827009 0.423051
vn -0.358381 0.783047 0.508331
vn -0.317510 0.744661 0.587084
vn -0.251635 0.715607 0.651603
vn -0.167207 0.698730 0.695570
vn -0.072489 0.695682 0.714683
vn 0.023248 0.706761 0.707070
vn 0.110631 0.730883 0.673477
vn 0.181107 0.765685 0.617192
vn 0.227777 0.807763 0.543724
vn 0.246074 0.852996 0.460267
vn 0.234205 0.896958 0.374986
vn 0.193333 0.935344 0.296233
vn 0.127459 0.964398 0.231714
vn 0.043031 0.981274 0.187747
vn -0.051688 0.984323 0.168634
vn -0.147425 0.973244 0.176247
vn -0.234807 0.949122 0.209840
vn -0.305283 0.914319 0.266125
vn -0.227448 0.885608 0.404927
vn -0.236033 0.860375 0.451711
vn -0.227809 0.836091 0.499055
vn -0.203579 0.815129 0.542328
vn -0.165718 0.799543 0.577294
vn -0.117930 0.790859 0.600528
vn -0.064892 0.789927 0.609758
vn -0.011798 0.796837 0.604079
vn 0.036156 0.810914 0.584048
vn 0.074276 0.830779 0.551625
vn 0.098830 0.854487 0.509985
vn 0.107415 0.879719 0.463202
vn 0.099191 0.904005 0.415856
vn 0.074962 0.924966 0.372583
vn 0.037098 0.940552 0.337619
vn -0.010689 0.949236 0.314384
vn -0.063726 0.950168 0.305154
vn -0.116821 0.943258 0.310833
vn -0.164774 0.929182 0.330864
vn -0.202894 0.909317 0.363286
vn 0.065283 -0.883224 -0.464384
vn -0.065283 0.883225 0.464384
vn -0.093607 -0.847729 -0.522105
vn -0.106727 -0.872786 -0.476293
vn -0.225001 -0.804169 -0.550170
vn -0.245708 -0.849309 -0.467228
vn -0.103103 -0.897577 -0.428633
vn -0.236286 -0.893540 -0.381779
vn -0.083092 -0.919672 -0.383797
vn -0.197657 -0.932529 -0.302196
vn -0.048654 -0.936908 -0.346174
vn -0.133603 -0.962461 -0.236262
vn -0.003157 -0.947602 -0.319437
vn -0.050392 -0.980406 -0.190432
vn 0.048943 -0.950704 -0.306213
vn 0.043828 -0.984607 -0.169198
vn 0.102549 -0.945910 -0.307795
vn 0.139836 -0.974654 -0.174632
vn 0.152411 -0.933690 -0.324028
vn 0.228234 -0.951519 -0.206204
vn 0.193648 -0.915241 -0.353320
vn 0.300368 -0.917469 -0.260826
vn 0.222226 -0.892367 -0.392808
vn 0.349178 -0.875835 -0.333149
vn 0.235345 -0.867309 -0.438620
vn 0.369885 -0.830695 -0.416091
vn 0.231721 -0.842519 -0.486278
vn 0.360463 -0.786466 -0.501536
vn 0.211711 -0.820423 -0.531117
vn 0.321833 -0.747476 -0.581123
vn 0.177271 -0.803186 -0.568741
vn 0.257778 -0.717545 -0.647055
vn 0.131776 -0.792494 -0.595474
vn 0.174569 -0.699599 -0.692883
vn 0.079675 -0.789392 -0.608698
vn 0.080348 -0.695397 -0.714119
vn 0.026068 -0.794185 -0.607116
vn -0.015660 -0.705351 -0.708685
vn -0.023792 -0.806405 -0.590885
vn -0.104057 -0.728486 -0.677112
vn -0.065030 -0.824856 -0.561591
vn -0.176192 -0.762536 -0.622491
vn -0.364357 -0.735294 -0.571478
vn -0.394134 -0.801639 -0.449481
vn -0.379638 -0.866548 -0.323990
vn -0.322285 -0.923669 -0.207289
vn -0.227691 -0.967409 -0.110799
vn -0.105115 -0.993488 -0.043968
vn 0.033444 -0.999352 -0.013337
vn 0.174424 -0.984427 -0.021904
vn 0.304023 -0.950175 -0.068829
vn 0.409558 -0.899948 -0.149522
vn 0.480695 -0.838662 -0.256082
vn 0.510472 -0.772318 -0.378077
vn 0.495976 -0.707409 -0.503568
vn 0.438623 -0.650288 -0.620271
vn 0.344029 -0.606548 -0.716759
vn 0.221453 -0.580469 -0.783591
vn 0.082893 -0.574605 -0.814222
vn -0.058086 -0.589529 -0.805656
vn -0.187686 -0.623781 -0.758730
vn -0.293219 -0.674009 -0.678037
vn -0.494748 -0.648315 -0.578717
vn -0.532863 -0.734230 -0.420670
vn -0.513648 -0.818222 -0.258222
vn -0.438983 -0.892068 -0.107276
vn -0.316177 -0.948541 0.017396
vn -0.157252 -0.982111 0.103585
vn 0.022237 -0.989493 0.142858
vn 0.204719 -0.969965 0.131370
vn 0.372332 -0.925438 0.070245
vn 0.508669 -0.860270 -0.034533
vn 0.600383 -0.780840 -0.172709
vn 0.638498 -0.694925 -0.330756
vn 0.619283 -0.610933 -0.493203
vn 0.544618 -0.537086 -0.644150
vn 0.421813 -0.480615 -0.768820
vn 0.262887 -0.447044 -0.855010
vn 0.083398 -0.439661 -0.894283
vn -0.099084 -0.459189 -0.882795
vn -0.266697 -0.503718 -0.821670
vn -0.403033 -0.568885 -0.716892
vn -0.612963 -0.545367 -0.571709
vn -0.658479 -0.648740 -0.381499
vn -0.635019 -0.749747 -0.186093
vn -0.544879 -0.838502 -0.004617
vn -0.396884 -0.906316 0.145167
vn -0.205521 -0.946553 0.248595
vn 0.010480 -0.955272 0.295544
vn 0.229974 -0.931620 0.281417
vn 0.431475 -0.877914 0.207598
vn 0.595260 -0.799409 0.081312
vn 0.705295 -0.703791 -0.085078
vn 0.750810 -0.600418 -0.275286
vn 0.727350 -0.499411 -0.470692
vn 0.637210 -0.410657 -0.652169
vn 0.489215 -0.342842 -0.801952
vn 0.297851 -0.302605 -0.905381
vn 0.081851 -0.293886 -0.952329
vn -0.137643 -0.317538 -0.938203
vn -0.339144 -0.371245 -0.864383
vn -0.502928 -0.449749 -0.738098
vn -0.716090 -0.428984 -0.550625
vn -0.767887 -0.547269 -0.332937
vn -0.740760 -0.662805 -0.109382
vn -0.637366 -0.764284 0.098159
vn -0.467825 -0.841772 0.269369
vn -0.248735 -0.887684 0.387489
vn -0.001539 -0.897526 0.440959
vn 0.249563 -0.870334 0.424543
vn 0.479993 -0.808771 0.339847
vn 0.667195 -0.718862 0.195164
vn 0.792843 -0.609408 0.004655
vn 0.844639 -0.491125 -0.213032
vn 0.817512 -0.375588 -0.436587
vn 0.714118 -0.274109 -0.644127
vn 0.544577 -0.196621 -0.815338
vn 0.325487 -0.150709 -0.933459
vn 0.078291 -0.140868 -0.986928
vn -0.172811 -0.168059 -0.970512
vn -0.403241 -0.229623 -0.885816
vn -0.590442 -0.319531 -0.741133
vn -0.801586 -0.302029 -0.515983
vn -0.858389 -0.432314 -0.276178
vn -0.828265 -0.559535 -0.029978
vn -0.714163 -0.671239 0.198517
vn -0.527252 -0.756494 0.386940
vn -0.285829 -0.806952 0.516847
vn -0.013525 -0.817675 0.575522
vn 0.263003 -0.787613 0.557221
vn 0.516689 -0.719709 0.463736
vn 0.722700 -0.620611 0.304217
vn 0.860868 -0.500017 0.094281
vn 0.917671 -0.369732 -0.145524
vn 0.887547 -0.242512 -0.391724
vn 0.773446 -0.130807 -0.620219
vn 0.586535 -0.045552 -0.808642
vn 0.345112 0.004906 -0.938549
vn 0.072809 0.015629 -0.997224
vn -0.203720 -0.014434 -0.978923
vn -0.457407 -0.082337 -0.885438
vn -0.663416 -0.181435 -0.725920
vn -0.867340 -0.167630 -0.468638
vn -0.927753 -0.306705 -0.212619
vn -0.895375 -0.442478 0.050164
vn -0.773377 -0.561658 0.293987
vn -0.573700 -0.652579 0.494983
vn -0.315891 -0.706342 0.633478
vn -0.025184 -0.717683 0.695915
vn 0.269962 -0.685492 0.676182
vn 0.540658 -0.612920 0.576210
vn 0.760405 -0.507072 0.405787
vn 0.907694 -0.378307 0.181593
vn 0.968106 -0.239232 -0.074426
vn 0.935728 -0.103459 -0.337208
vn 0.813730 0.015721 -0.581031
vn 0.614053 0.106642 -0.782027
vn 0.356243 0.160404 -0.920522
vn 0.065537 0.171745 -0.982959
vn -0.229609 0.139555 -0.963226
vn -0.500305 0.066984 -0.863255
vn -0.720052 -0.038866 -0.692831
vn -0.911734 -0.029094 -0.409751
vn -0.974269 -0.173536 -0.143823
vn -0.940436 -0.314518 0.129069
vn -0.813547 -0.438239 0.382215
vn -0.606022 -0.532588 0.590836
vn -0.338176 -0.588331 0.734509
vn -0.036227 -0.600011 0.799171
vn 0.270268 -0.566485 0.778493
vn 0.551307 -0.491033 0.674498
vn 0.779380 -0.381043 0.497366
vn 0.932162 -0.247280 0.264437
vn 0.994697 -0.102838 -0.001489
vn 0.960864 0.038143 -0.274381
vn 0.833975 0.161864 -0.527528
vn 0.626450 0.256214 -0.736148
vn 0.358604 0.311957 -0.879821
vn 0.056655 0.323638 -0.944483
vn -0.249840 0.290111 -0.923805
vn -0.530879 0.214658 -0.819811
vn -0.758951 0.104668 -0.642680
vn -0.933670 0.110161 -0.340773
vn -0.996788 -0.036090 -0.071488
vn -0.962334 -0.178808 0.204794
vn -0.833680 -0.304022 0.461029
vn -0.623420 -0.399477 0.672136
vn -0.352134 -0.455828 0.817449
vn -0.046380 -0.467560 0.882744
vn 0.263915 -0.433523 0.861630
vn 0.548375 -0.357051 0.756174
vn 0.779157 -0.245627 0.576698
vn 0.933670 -0.110160 0.340772
vn 0.996788 0.036090 0.071488
vn 0.962334 0.178808 -0.204794
vn 0.833680 0.304022 -0.461029
vn 0.623420 0.399477 -0.672136
vn 0.352134 0.455828 -0.817449
vn 0.046380 0.467560 -0.882744
vn -0.263914 0.433523 -0.861630
vn -0.548375 0.357051 -0.756174
vn -0.779157 0.245628 -0.576699
vn -0.932608 0.246701 -0.263401
vn -0.994756 0.102245 0.002610
vn -0.960529 -0.038694 0.275476
vn -0.833279 -0.162317 0.528488
vn -0.625462 -0.256526 0.736880
vn -0.357419 -0.312097 0.880254
vn -0.055390 -0.323592 0.944574
vn 0.251061 -0.289883 0.923545
vn 0.531937 -0.214273 0.819225
vn 0.759743 -0.104161 0.641826
vn 0.912181 0.029673 0.408712
vn 0.974328 0.174129 0.142703
vn 0.940101 0.315068 -0.130163
vn 0.812851 0.438692 -0.383175
vn 0.605034 0.532900 -0.591567
vn 0.336991 0.588471 -0.734941
vn 0.034962 0.599966 -0.799262
vn -0.271489 0.566258 -0.778233
vn -0.552365 0.490648 -0.673913
vn -0.780170 0.380536 -0.496514
vn -0.908577 0.377164 -0.179540
vn -0.968222 0.238058 0.076643
vn -0.935065 0.102370 0.339372
vn -0.812353 -0.016618 0.582930
vn -0.612096 -0.107259 0.783476
vn -0.353899 -0.160682 0.921378
vn -0.063034 -0.171655 0.983139
vn 0.232026 -0.139105 0.962712
vn 0.502399 -0.066220 0.862097
vn 0.721618 0.039868 0.691143
vn 0.868225 0.168774 0.466584
vn 0.927870 0.307879 0.210401
vn 0.894713 0.443566 -0.052328
vn 0.772000 0.562554 -0.295886
vn 0.571744 0.653196 -0.496431
vn 0.313546 0.706618 -0.634334
vn 0.022681 0.717592 -0.696095
vn -0.272379 0.685042 -0.675668
vn -0.542751 0.612157 -0.575053
vn -0.761970 0.506069 -0.404099
vn -0.862171 0.498331 -0.091257
vn -0.917843 0.368003 0.148790
vn -0.886571 0.240908 0.394912
vn -0.771417 0.129486 0.623016
vn -0.583653 0.044645 0.810775
vn -0.341658 -0.005313 0.939809
vn -0.069121 -0.015495 0.997488
vn 0.207281 0.015095 0.978165
vn 0.460491 0.083462 0.883732
vn 0.665723 0.182914 0.723433
vn 0.802888 0.303716 0.512959
vn 0.858560 0.434044 0.272912
vn 0.827288 0.561139 0.026790
vn 0.712134 0.672560 -0.201314
vn 0.524370 0.757402 -0.389073
vn 0.282375 0.807359 -0.518108
vn 0.009838 0.817541 -0.575786
vn -0.266563 0.786951 -0.556463
vn -0.519774 0.718585 -0.462030
vn -0.725005 0.619133 -0.301731
vn -0.794535 0.607218 -0.000727
vn -0.844862 0.488877 0.217274
vn -0.816243 0.373504 0.440728
vn -0.711482 0.272393 0.647762
vn -0.540833 0.195441 0.818109
vn -0.320999 0.150180 0.935097
vn -0.073501 0.141041 0.987272
vn 0.177436 0.168919 0.969527
vn 0.407248 0.231084 0.883600
vn 0.593439 0.321451 0.737902
vn 0.717783 0.431176 0.546695
vn 0.768109 0.549516 0.328695
vn 0.739491 0.664889 0.105241
vn 0.634730 0.766000 -0.101792
vn 0.464081 0.842952 -0.272140
vn 0.244247 0.888213 -0.389127
vn -0.003251 0.897353 -0.441303
vn -0.254188 0.869475 -0.423558
vn -0.484000 0.807310 -0.337631
vn -0.670190 0.716942 -0.191934
vn -0.707338 0.701146 0.089821
vn -0.751079 0.597705 0.280409
vn -0.725818 0.496895 0.475693
vn -0.634027 0.408584 0.656558
vn -0.484693 0.341416 0.805300
vn -0.292433 0.301966 0.907359
vn -0.076066 0.294096 0.952744
vn 0.143228 0.318576 0.937014
vn 0.343983 0.373009 0.861708
vn 0.506547 0.452068 0.734197
vn 0.615007 0.548014 0.566963
vn 0.658748 0.651454 0.376376
vn 0.633487 0.752263 0.181093
vn 0.541697 0.840574 0.000228
vn 0.392362 0.907742 -0.148514
vn 0.200102 0.947192 -0.250573
vn -0.016265 0.955062 -0.295959
vn -0.235558 0.930583 -0.280229
vn -0.436313 0.876149 -0.204922
vn -0.598877 0.797091 -0.077412
vn -0.602730 0.777802 0.178157
vn -0.638808 0.691808 0.336639
vn -0.617524 0.608043 0.498946
vn -0.540963 0.534707 0.649190
vn -0.416619 0.478977 0.772664
vn -0.256663 0.446310 0.857281
vn -0.076754 0.439902 0.894760
vn 0.105499 0.460382 0.881430
vn 0.272254 0.505744 0.818597
vn 0.407189 0.571548 0.712411
vn 0.497095 0.651353 0.573268
vn 0.533173 0.737347 0.414785
vn 0.511889 0.821112 0.252478
vn 0.435328 0.894449 0.102234
vn 0.310984 0.950178 -0.021239
vn 0.151028 0.982845 -0.105857
vn -0.028881 0.989253 -0.143335
vn -0.211134 0.968773 -0.130005
vn -0.377889 0.923411 -0.067172
vn -0.512824 0.857607 0.039013
vn -0.483289 0.835305 0.262103
vn -0.510814 0.768874 0.384580
vn -0.494031 0.704215 0.509916
vn -0.434583 0.647658 0.625840
vn -0.338289 0.604739 0.721007
vn -0.214575 0.579658 0.786101
vn -0.075551 0.574871 0.814749
vn 0.065175 0.590847 0.804147
vn 0.193827 0.626022 0.755333
vn 0.297812 0.676951 0.673086
vn 0.366951 0.738652 0.565456
vn 0.394476 0.805083 0.442979
vn 0.377693 0.869742 0.317643
vn 0.318246 0.926299 0.201718
vn 0.221952 0.969218 0.106551
vn 0.098237 0.994299 0.041458
vn -0.040787 0.999086 0.012810
vn -0.181513 0.983110 0.023412
vn -0.310165 0.947935 0.072225
vn -0.414150 0.897005 0.154473
vn -0.351954 0.872242 0.339592
vn -0.370250 0.827008 0.423051
vn -0.358381 0.783047 0.508331
vn -0.317510 0.744661 0.587084
vn -0.251635 0.715607 0.651603
vn -0.167207 0.698730 0.695570
vn -0.072488 0.695682 0.714683
vn 0.023248 0.706761 0.707070
vn 0.110630 0.730883 0.673477
vn 0.181107 0.765685 0.617192
vn 0.227777 0.807763 0.543725
vn 0.246074 0.852997 0.460266
vn 0.234205 0.896958 0.374986
vn 0.193334 0.935344 0.296232
vn 0.127459 0.964398 0.231714
vn 0.043031 0.981274 0.187747
vn -0.051688 0.984323 0.168634
vn -0.147424 0.973244 0.176247
vn -0.234807 0.949123 0.209839
vn -0.305283 0.914319 0.266125
vn -0.227448 0.885608 0.404928
vn -0.236033 0.860376 0.451710
vn -0.227809 0.836091 0.499055
vn -0.203579 0.815129 0.542328
vn -0.165717 0.799544 0.577293
vn -0.117929 0.790859 0.600528
vn -0.064891 0.789927 0.609758
vn -0.011798 0.796837 0.604079
vn 0.036155 0.810913 0.584048
vn 0.074276 0.830779 0.551625
vn 0.098830 0.854488 0.509983
vn 0.107415 0.879720 0.463201
vn 0.099191 0.904004 0.415857
vn 0.074961 0.924966 0.372583
vn 0.037100 0.940552 0.337618
vn -0.010688 0.949236 0.314383
vn -0.063727 0.950169 0.305153
vn -0.116819 0.943259 0.310832
vn -0.164773 0.929182 0.330863
vn -0.202894 0.909317 0.363287
vn 0.065283 -0.883224 -0.464385
vn -0.065283 0.883225 0.464384
vn -0.093609 -0.847728 -0.522107
vn -0.106727 -0.872786 -0.476293
vn -0.225000 -0.804169 -0.550170
vn -0.245708 -0.849310 -0.467226
vn -0.103105 -0.897576 -0.428634
vn -0.236286 -0.893540 -0.381780
vn -0.083093 -0.919671 -0.383797
vn -0.197657 -0.932529 -0.302195
vn -0.048654 -0.936909 -0.346171
vn -0.133602 -0.962461 -0.236261
vn -0.003158 -0.947602 -0.319437
vn -0.050392 -0.980406 -0.190434
vn 0.048943 -0.950704 -0.306213
vn 0.043828 -0.984607 -0.169198
vn 0.102550 -0.945910 -0.307794
vn 0.139836 -0.974653 -0.174633
vn 0.152412 -0.933690 -0.324026
vn 0.228234 -0.951519 -0.206205
vn 0.193650 -0.915241 -0.353319
vn 0.300368 -0.917469 -0.260826
vn 0.222227 -0.892367 -0.392805
vn 0.349177 -0.875836 -0.333148
vn 0.235346 -0.867309 -0.438620
vn 0.369884 -0.830695 -0.416091
vn 0.231723 -0.842519 -0.486278
vn 0.360462 -0.786465 -0.501537
vn 0.211711 -0.820423 -0.531117
vn 0.321834 -0.747475 -0.581123
vn 0.177271 -0.803185 -0.568743
vn 0.257779 -0.717544 -0.647055
vn 0.131776 -0.792493 -0.595474
vn 0.174569 -0.699599 -0.692883
vn 0.079676 -0.789391 -0.608698
vn 0.080348 -0.695398 -0.714119
vn 0.026068 -0.794185 -0.607117
vn -0.015660 -0.705351 -0.708685
vn -0.023793 -0.806405 -0.590885
vn -0.104057 -0.728486 -0.677112
vn -0.065031 -0.824854 -0.561593
vn -0.176192 -0.762536 -0.622492
vn -0.364357 -0.735294 -0.571478
vn -0.394135 -0.801639 -0.449481
vn -0.379638 -0.866548 -0.323990
vn -0.322285 -0.923669 -0.207289
vn -0.227691 -0.967409 -0.110800
vn -0.105115 -0.993488 -0.043968
vn 0.033444 -0.999352 -0.013337
vn 0.174424 -0.984427 -0.021904
vn 0.304024 -0.950175 -0.068830
vn 0.409557 -0.899948 -0.149522
vn 0.480695 -0.838663 -0.256082
vn 0.510472 -0.772318 -0.378078
vn 0.495975 -0.707409 -0.503569
vn 0.438624 -0.650288 -0.620271
vn 0.344030 -0.606548 -0.716759
vn 0.221454 -0.580469 -0.783591
vn 0.082894 -0.574605 -0.814222
vn -0.058085 -0.589529 -0.805656
vn -0.187686 -0.623782 -0.758729
vn -0.293219 -0.674008 -0.678038
vn -0.494748 -0.648314 -0.578717
vn -0.532864 -0.734230 -0.420669
vn -0.513648 -0.818222 -0.258221
vn -0.438983 -0.892068 -0.107275
vn -0.316178 -0.948541 0.017396
vn -0.157252 -0.982111 0.103586
vn 0.022237 -0.989493 0.142859
vn 0.204720 -0.969965 0.131370
vn 0.372332 -0.925438 0.070246
vn 0.508669 -0.860269 -0.034533
vn 0.600383 -0.780840 -0.172709
vn 0.638499 -0.694925 -0.330755
vn 0.619283 -0.610932 -0.493204
vn 0.544619 -0.537086 -0.644150
vn 0.421813 -0.480614 -0.768820
vn 0.262887 -0.447043 -0.855011
vn 0.083398 -0.439661 -0.894283
vn -0.099084 -0.459189 -0.882795
vn -0.266698 -0.503717 -0.821670
vn -0.403033 -0.568885 -0.716892
vn -0.612963 -0.545368 -0.571708
vn -0.658479 -0.648740 -0.381500
vn -0.635018 -0.749747 -0.186094
vn -0.544879 -0.838502 -0.004617
vn -0.396884 -0.906317 0.145167
vn -0.205521 -0.946553 0.248595
vn 0.010480 -0.955272 0.295544
vn 0.229974 -0.931621 0.281417
vn 0.431475 -0.877914 0.207598
vn 0.595260 -0.799409 0.081312
vn 0.705295 -0.703791 -0.085078
vn 0.750810 -0.600418 -0.275286
vn 0.727350 -0.499411 -0.470692
vn 0.637210 -0.410657 -0.652169
vn 0.489215 -0.342843 -0.801952
vn 0.297851 -0.302607 -0.905381
vn 0.081850 -0.293886 -0.952330
vn -0.137643 -0.317538 -0.938203
vn -0.339144 -0.371245 -0.864383
vn -0.502928 -0.449749 -0.738098
vn -0.716090 -0.428985 -0.550624
vn -0.767886 -0.547269 -0.332938
vn -0.740759 -0.662805 -0.109382
vn -0.637365 -0.764284 0.098158
vn -0.467825 -0.841772 0.269368
vn -0.248734 -0.887684 0.387490
vn -0.001539 -0.897526 0.440959
vn 0.249563 -0.870334 0.424543
vn 0.479994 -0.808771 0.339847
vn 0.667195 -0.718862 0.195163
vn 0.792843 -0.609408 0.004655
vn 0.844638 -0.491125 -0.213032
vn 0.817511 -0.375589 -0.436587
vn 0.714118 -0.274110 -0.644127
vn 0.544578 -0.196622 -0.815337
vn 0.325486 -0.150710 -0.933459
vn 0.078291 -0.140868 -0.986928
vn -0.172811 -0.168060 -0.970511
vn -0.403241 -0.229623 -0.885816
vn -0.590441 -0.319531 -0.741133
vn -0.801585 -0.302030 -0.515983
vn -0.858388 -0.432314 -0.276178
vn -0.828264 -0.559535 -0.029978
vn -0.714163 -0.671240 0.198517
vn -0.527252 -0.756494 0.386940
vn -0.285829 -0.806952 0.516847
vn -0.013526 -0.817675 0.575522
vn 0.263003 -0.787613 0.557221
vn 0.516689 -0.719710 0.463735
vn 0.722700 -0.620610 0.304217
vn 0.860869 -0.500017 0.094281
vn 0.917671 -0.369733 -0.145524
vn 0.887547 -0.242512 -0.391724
vn 0.773446 -0.130807 -0.620219
vn 0.586536 -0.045553 -0.808642
vn 0.345112 0.004905 -0.938549
vn 0.072809 0.015628 -0.997223
vn -0.203720 -0.014433 -0.978923
vn -0.457406 -0.082338 -0.885438
vn -0.663416 -0.181436 -0.725920
vn -0.867341 -0.167628 -0.468637
vn -0.927753 -0.306705 -0.212618
vn -0.895375 -0.442478 0.050164
vn -0.773377 -0.561658 0.293987
vn -0.573700 -0.652580 0.494983
vn -0.315891 -0.706342 0.633478
vn -0.025185 -0.717683 0.695915
vn 0.269962 -0.685492 0.676181
vn 0.540658 -0.612920 0.576210
vn 0.760405 -0.507072 0.405786
vn 0.907694 -0.378308 0.181593
vn 0.968106 -0.239233 -0.074426
vn 0.935728 -0.103460 -0.337208
vn 0.813730 0.015721 -0.581031
vn 0.614053 0.106642 -0.782027
vn 0.356243 0.160405 -0.920522
vn 0.065537 0.171746 -0.982959
vn -0.229609 0.139555 -0.963226
vn -0.500305 0.066983 -0.863254
vn -0.720052 -0.038864 -0.692831
vn -0.911734 -0.029094 -0.409751
vn -0.974269 -0.173536 -0.143824
vn -0.940436 -0.314518 0.129069
vn -0.813547 -0.438239 0.382215
vn -0.606022 -0.532588 0.590836
vn -0.338176 -0.588331 0.734509
vn -0.036227 -0.600011 0.799171
vn 0.270268 -0.566484 0.778493
vn 0.551307 -0.491033 0.674498
vn 0.779380 -0.381043 0.497366
vn 0.932162 -0.247281 0.264437
vn 0.994697 -0.102838 -0.001489
vn 0.960864 0.038143 -0.274382
vn 0.833975 0.161864 -0.527528
vn 0.626450 0.256215 -0.736148
vn 0.358604 0.311958 -0.879821
vn 0.056655 0.323637 -0.944484
vn -0.249840 0.290110 -0.923805
vn -0.530879 0.214659 -0.819810
vn -0.758951 0.104669 -0.642680
vn -0.933670 0.110161 -0.340772
vn -0.996788 -0.036090 -0.071488
vn -0.962334 -0.178808 0.204795
vn -0.833680 -0.304022 0.461030
vn -0.623420 -0.399477 0.672136
vn -0.352134 -0.455828 0.817449
vn -0.046380 -0.467559 0.882744
vn 0.263915 -0.433523 0.861630
vn 0.548376 -0.357050 0.756174
vn 0.779157 -0.245627 0.576699
vn 0.933670 -0.110160 0.340772
vn 0.996788 0.036090 0.071487
vn 0.962334 0.178808 -0.204794
vn 0.833680 0.304023 -0.461029
vn 0.623419 0.399477 -0.672136
vn 0.352135 0.455828 -0.817449
vn 0.046380 0.467560 -0.882744
vn -0.263915 0.433523 -0.861630
vn -0.548375 0.357050 -0.756174
vn -0.779157 0.245628 -0.576699
vn -0.932608 0.246702 -0.263401
vn -0.994756 0.102245 0.002610
vn -0.960529 -0.038693 0.275476
vn -0.833279 -0.162317 0.528488
vn -0.625462 -0.256526 0.736880
vn -0.357419 -0.312097 0.880254
vn -0.055390 -0.323592 0.944574
vn 0.251061 -0.289884 0.923545
vn 0.531937 -0.214273 0.819225
vn 0.759743 -0.104162 0.641826
vn 0.912181 0.029673 0.408712
vn 0.974328 0.174130 0.142703
vn 0.940101 0.315068 -0.130163
vn 0.812851 0.438692 -0.383175
vn 0.605034 0.532899 -0.591568
vn 0.336991 0.588471 -0.734941
vn 0.034962 0.599966 -0.799261
vn -0.271489 0.566258 -0.778233
vn -0.552365 0.490647 -0.673913
vn -0.780171 0.380536 -0.496514
vn -0.908577 0.377163 -0.179540
vn -0.968222 0.238059 0.076643
vn -0.935065 0.102371 0.339372
vn -0.812352 -0.016618 0.582930
vn -0.612096 -0.107259 0.783475
vn -0.353898 -0.160681 0.921378
vn -0.063034 -0.171655 0.983139
vn 0.232026 -0.139105 0.962712
vn 0.502399 -0.066219 0.862097
vn 0.721618 0.039869 0.691143
vn 0.868225 0.168775 0.466584
vn 0.927870 0.307878 0.210401
vn 0.894713 0.443567 -0.052328
vn 0.772000 0.562555 -0.295885
vn 0.571743 0.653196 -0.496431
vn 0.313546 0.706619 -0.634334
vn 0.022681 0.717592 -0.696095
vn -0.272378 0.685043 -0.675668
vn -0.542751 0.612157 -0.575053
vn -0.761970 0.506069 -0.404100
vn -0.862171 0.498331 -0.091257
vn -0.917843 0.368003 0.148790
vn -0.886571 0.240908 0.394912
vn -0.771417 0.129487 0.623017
vn -0.583653 0.044645 0.810775
vn -0.341658 -0.005312 0.939809
vn -0.069121 -0.015494 0.997488
vn 0.207281 0.015095 0.978165
vn 0.460491 0.083462 0.883732
vn 0.665723 0.182914 0.723433
vn 0.802889 0.303716 0.512958
vn 0.858560 0.434044 0.272912
vn 0.827288 0.561138 0.026790
vn 0.712134 0.672560 -0.201314
vn 0.524370 0.757402 -0.389074
vn 0.282376 0.807359 -0.518108
vn 0.009838 0.817541 -0.575786
vn -0.266563 0.786951 -0.556464
vn -0.519774 0.718584 -0.462030
vn -0.725005 0.619133 -0.301731
vn -0.794535 0.607218 -0.000727
vn -0.844861 0.488878 0.217275
vn -0.816243 0.373505 0.440728
vn -0.711482 0.272393 0.647762
vn -0.540833 0.195441 0.818109
vn -0.320999 0.150180 0.935097
vn -0.073500 0.141041 0.987272
vn 0.177436 0.168918 0.969527
vn 0.407248 0.231083 0.883600
vn 0.593438 0.321451 0.737903
vn 0.717783 0.431176 0.546695
vn 0.768109 0.549516 0.328695
vn 0.739491 0.664889 0.105242
vn 0.634730 0.766000 -0.101792
vn 0.464081 0.842952 -0.272140
vn 0.244247 0.888214 -0.389127
vn -0.003251 0.897353 -0.441303
vn -0.254188 0.869475 -0.423558
vn -0.484000 0.807310 -0.337631
vn -0.670190 0.716942 -0.191934
vn -0.707338 0.701146 0.089822
vn -0.751079 0.597705 0.280409
vn -0.725818 0.496895 0.475693
vn -0.634027 0.408584 0.656558
vn -0.484693 0.341417 0.805300
vn -0.292433 0.301967 0.907358
vn -0.076065 0.294096 0.952744
vn 0.143228 0.318576 0.937014
vn 0.343983 0.373009 0.861708
vn 0.506547 0.452068 0.734197
vn 0.615008 0.548013 0.566963
vn 0.658748 0.651453 0.376377
vn 0.633487 0.752263 0.181093
vn 0.541696 0.840574 0.000228
vn 0.392362 0.907742 -0.148513
vn 0.200102 0.947192 -0.250572
vn -0.016265 0.955062 -0.295959
vn -0.235559 0.930583 -0.280228
vn -0.436314 0.876149 -0.204923
vn -0.598877 0.797091 -0.077412
vn -0.602730 0.777802 0.178157
vn -0.638808 0.691808 0.336640
vn -0.617524 0.608043 0.498946
vn -0.540963 0.534707 0.649190
vn -0.416619 0.478977 0.772664
vn -0.256664 0.446310 0.857282
vn -0.076754 0.439902 0.894760
vn 0.105499 0.460382 0.881430
vn 0.272254 0.505744 0.818597
vn 0.407189 0.571548 0.712411
vn 0.497096 0.651352 0.573268
vn 0.533173 0.737347 0.414785
vn 0.511889 0.821112 0.252478
vn 0.435328 0.894448 0.102234
vn 0.310984 0.950178 -0.021240
vn 0.151029 0.982845 -0.105857
vn -0.028881 0.989253 -0.143335
vn -0.211134 0.968773 -0.130005
vn -0.377889 0.923411 -0.067172
vn -0.512824 0.857607 0.039013
vn -0.483289 0.835305 0.262103
vn -0.510814 0.768874 0.384581
vn -0.494031 0.704215 0.509916
vn -0.434583 0.647658 0.625841
vn -0.338290 0.604738 0.721007
vn -0.214575 0.579658 0.786101
vn -0.075550 0.574871 0.814749
vn 0.065175 0.590847 0.804147
vn 0.193827 0.626021 0.755334
vn 0.297812 0.676952 0.673086
vn 0.366951 0.738652 0.565456
vn 0.394476 0.805083 0.442979
vn 0.377693 0.869742 0.317643
vn 0.318246 0.926299 0.201718
vn 0.221951 0.969218 0.106551
vn 0.098237 0.994299 0.041458
vn -0.040787 0.999086 0.012810
vn -0.181513 0.983110 0.023412
vn -0.310165 0.947935 0.072226
vn -0.414150 0.897005 0.154472
vn -0.351953 0.872242 0.339592
vn -0.370250 0.827008 0.423051
vn -0.358382 0.783047 0.508331
vn -0.317510 0.744661 0.587084
vn -0.251636 0.715607 0.651603
vn -0.167206 0.698731 0.695570
vn -0.072489 0.695682 0.714683
vn 0.023247 0.706761 0.707071
vn 0.110631 0.730883 0.673477
vn 0.181107 0.765686 0.617192
vn 0.227777 0.807763 0.543725
vn 0.246074 0.852997 0.460266
vn 0.234205 0.896958 0.374986
vn 0.193333 0.935344 0.296232
vn 0.127459 0.964398 0.231714
vn 0.043031 0.981274 0.187747
vn -0.051687 0.984323 0.168634
vn -0.147424 0.973244 0.176247
vn -0.234807 0.949122 0.209839
vn -0.305283 0.914319 0.266125
vn -0.227447 0.885608 0.404927
vn -0.236033 0.860376 0.451710
vn -0.227809 0.836090 0.499056
vn -0.203579 0.815129 0.542329
vn -0.165717 0.799544 0.577294
vn -0.117929 0.790859 0.600528
vn -0.064893 0.789926 0.609758
vn -0.011797 0.796837 0.604079
vn 0.036157 0.810914 0.584048
vn 0.074276 0.830778 0.551626
vn 0.098830 0.854487 0.509985
vn 0.107415 0.879719 0.463202
vn 0.099190 0.904005 0.415856
vn 0.074961 0.924966 0.372583
vn 0.037100 0.940552 0.337618
vn -0.010689 0.949236 0.314383
vn -0.063726 0.950169 0.305153
vn -0.116819 0.943258 0.310833
vn -0.164774 0.929182 0.330864
vn -0.202894 0.909317 0.363287
vn 0.065283 -0.883224 -0.464384
vn -0.065283 0.883225 0.464384
vn -0.093608 -0.847728 -0.522107
vn -0.106727 -0.872786 -0.476292
vn -0.225000 -0.804169 -0.550170
vn -0.245708 -0.849310 -0.467226
vn -0.103104 -0.897576 -0.428634
vn -0.236286 -0.893539 -0.381780
vn -0.083094 -0.919671 -0.383797
vn -0.197656 -0.932529 -0.302194
vn -0.048654 -0.936910 -0.346170
vn -0.133602 -0.962461 -0.236262
vn -0.003158 -0.947602 -0.319437
vn -0.050392 -0.980406 -0.190434
vn 0.048944 -0.950704 -0.306214
vn 0.043829 -0.984607 -0.169198
vn 0.102549 -0.945910 -0.307795
vn 0.139836 -0.974654 -0.174632
vn 0.152410 -0.933690 -0.324027
vn 0.228235 -0.951519 -0.206205
vn 0.193649 -0.915241 -0.353319
vn 0.300368 -0.917469 -0.260825
vn 0.222226 -0.892368 -0.392804
vn 0.349178 -0.875836 -0.333147
vn 0.235345 -0.867310 -0.438619
vn 0.369885 -0.830695 -0.416091
vn 0.231723 -0.842519 -0.486278
vn 0.360462 -0.786465 -0.501537
vn 0.211710 -0.820424 -0.531115
vn 0.321833 -0.747475 -0.581123
vn 0.177271 -0.803186 -0.568742
vn 0.257779 -0.717544 -0.647056
vn 0.131776 -0.792493 -0.595475
vn 0.174569 -0.699599 -0.692883
vn 0.079675 -0.789392 -0.608698
vn 0.080348 -0.695397 -0.714119
vn 0.026069 -0.794185 -0.607116
vn -0.015660 -0.705351 -0.708685
vn -0.023794 -0.806405 -0.590885
vn -0.104057 -0.728486 -0.677112
vn -0.065031 -0.824854 -0.561593
vn -0.176191 -0.762536 -0.622492
vn -0.364356 -0.735294 -0.571478
vn -0.394134 -0.801639 -0.449481
vn -0.379637 -0.866548 -0.323990
vn -0.322285 -0.923669 -0.207289
vn -0.227691 -0.967409 -0.110800
vn -0.105115 -0.993488 -0.043968
vn 0.033444 -0.999352 -0.013337
vn 0.174424 -0.984427 -0.021903
vn 0.304025 -0.950174 -0.068829
vn 0.409557 -0.899948 -0.149522
vn 0.480695 -0.838662 -0.256081
vn 0.510473 -0.772318 -0.378077
vn 0.495975 -0.707409 -0.503569
vn 0.438624 -0.650288 -0.620270
vn 0.344029 -0.606548 -0.716759
vn 0.221453 -0.580469 -0.783591
vn 0.082894 -0.574605 -0.814222
vn -0.058086 -0.589530 -0.805655
vn -0.187686 -0.623782 -0.758729
vn -0.293219 -0.674009 -0.678037
vn -0.494748 -0.648315 -0.578717
vn -0.532863 -0.734230 -0.420669
vn -0.513648 -0.818222 -0.258222
vn -0.438983 -0.892068 -0.107275
vn -0.316176 -0.948541 0.017396
vn -0.157251 -0.982111 0.103586
vn 0.022236 -0.989493 0.142858
vn 0.204719 -0.969965 0.131370
vn 0.372332 -0.925437 0.070245
vn 0.508668 -0.860270 -0.034533
vn 0.600383 -0.780840 -0.172709
vn 0.638498 -0.694925 -0.330756
vn 0.619283 -0.610933 -0.493203
vn 0.544618 -0.537087 -0.644150
vn 0.421812 -0.480615 -0.768820
vn 0.262887 -0.447044 -0.855010
vn 0.083398 -0.439662 -0.894283
vn -0.099084 -0.459190 -0.882795
vn -0.266697 -0.503717 -0.821670
vn -0.403033 -0.568885 -0.716892
vn -0.612963 -0.545368 -0.571708
vn -0.658479 -0.648740 -0.381500
vn -0.635019 -0.749747 -0.186094
vn -0.544879 -0.838502 -0.004616
vn -0.396884 -0.906317 0.145167
vn -0.205520 -0.946553 0.248595
vn 0.010480 -0.955272 0.295543
vn 0.229974 -0.931620 0.281417
vn 0.431474 -0.877914 0.207597
vn 0.595259 -0.799409 0.081312
vn 0.705294 -0.703791 -0.085079
vn 0.750810 -0.600418 -0.275287
vn 0.727349 -0.499412 -0.470692
vn 0.637210 -0.410657 -0.652169
vn 0.489215 -0.342842 -0.801953
vn 0.297851 -0.302606 -0.905381
vn 0.081851 -0.293887 -0.952329
vn -0.137643 -0.317538 -0.938203
vn -0.339144 -0.371245 -0.864383
vn -0.502928 -0.449749 -0.738098
vn -0.716090 -0.428985 -0.550624
vn -0.767886 -0.547269 -0.332937
vn -0.740760 -0.662805 -0.109382
vn -0.637366 -0.764284 0.098158
vn -0.467825 -0.841772 0.269369
vn -0.248735 -0.887684 0.387489
vn -0.001539 -0.897526 0.440959
vn 0.249563 -0.870335 0.424542
vn 0.479993 -0.808771 0.339847
vn 0.667194 -0.718863 0.195164
vn 0.792843 -0.609409 0.004654
vn 0.844638 -0.491125 -0.213032
vn 0.817512 -0.375589 -0.436587
vn 0.714118 -0.274109 -0.644127
vn 0.544577 -0.196621 -0.815338
vn 0.325487 -0.150709 -0.933459
vn 0.078292 -0.140867 -0.986928
vn -0.172811 -0.168059 -0.970512
vn -0.403241 -0.229622 -0.885816
vn -0.590442 -0.319531 -0.741133
vn -0.801585 -0.302030 -0.515983
vn -0.858388 -0.432314 -0.276178
vn -0.828265 -0.559535 -0.029978
vn -0.714163 -0.671240 0.198517
vn -0.527252 -0.756494 0.386940
vn -0.285830 -0.806952 0.516847
vn -0.013525 -0.817674 0.575522
vn 0.263004 -0.787613 0.557221
vn 0.516689 -0.719709 0.463736
vn 0.722699 -0.620610 0.304218
vn 0.860869 -0.500016 0.094281
vn 0.917671 -0.369732 -0.145524
vn 0.887547 -0.242511 -0.391724
vn 0.773446 -0.130806 -0.620219
vn 0.586535 -0.045553 -0.808642
vn 0.345112 0.004906 -0.938549
vn 0.072808 0.015628 -0.997223
vn -0.203721 -0.014433 -0.978923
vn -0.457407 -0.082337 -0.885438
vn -0.663416 -0.181436 -0.725920
vn -0.867340 -0.167629 -0.468638
vn -0.927753 -0.306705 -0.212618
vn -0.895375 -0.442478 0.050164
vn -0.773377 -0.561658 0.293987
vn -0.573700 -0.652579 0.494983
vn -0.315890 -0.706342 0.633478
vn -0.025185 -0.717683 0.695915
vn 0.269962 -0.685492 0.676181
vn 0.540658 -0.612920 0.576211
vn 0.760405 -0.507071 0.405787
vn 0.907694 -0.378307 0.181593
vn 0.968106 -0.239232 -0.074426
vn 0.935728 -0.103459 -0.337208
vn 0.813730 0.015721 -0.581031
vn 0.614053 0.106642 -0.782027
vn 0.356243 0.160405 -0.920522
vn 0.065537 0.171746 -0.982959
vn -0.229609 0.139555 -0.963226
vn -0.500305 0.066983 -0.863255
vn -0.720052 -0.038865 -0.692831
vn -0.911734 -0.029094 -0.409751
vn -0.974269 -0.173536 -0.143824
vn -0.940436 -0.314517 0.129069
vn -0.813547 -0.438239 0.382216
vn -0.606022 -0.532589 0.590835
vn -0.338176 -0.588331 0.734509
vn -0.036228 -0.600011 0.799171
vn 0.270269 -0.566484 0.778493
vn 0.551307 -0.491033 0.674498
vn 0.779380 -0.381043 0.497367
vn 0.932162 -0.247279 0.264437
vn 0.994697 -0.102837 -0.001489
vn 0.960864 0.038143 -0.274382
vn 0.833975 0.161864 -0.527528
vn 0.626450 0.256214 -0.736148
vn 0.358604 0.311958 -0.879821
vn 0.056655 0.323637 -0.944484
vn -0.249840 0.290110 -0.923805
vn -0.530879 0.214659 -0.819811
vn -0.758952 0.104669 -0.642680
vn -0.933669 0.110160 -0.340773
vn -0.996788 -0.036090 -0.071488
vn -0.962334 -0.178808 0.204794
vn -0.833680 -0.304022 0.461030
vn -0.623419 -0.399476 0.672136
vn -0.352134 -0.455828 0.817448
vn -0.046380 -0.467559 0.882744
vn 0.263915 -0.433523 0.861630
vn 0.548375 -0.357050 0.756175
vn 0.779158 -0.245626 0.576699
vn 0.933670 -0.110160 0.340772
vn 0.996788 0.036090 0.071487
vn 0.962334 0.178807 -0.204794
vn 0.833680 0.304022 -0.461029
vn 0.623419 0.399477 -0.672136
vn 0.352134 0.455828 -0.817449
vn 0.046380 0.467559 -0.882744
vn -0.263915 0.433523 -0.861630
vn -0.548375 0.357050 -0.756174
vn -0.779157 0.245628 -0.576699
vn -0.932608 0.246701 -0.263401
vn -0.994756 0.102245 0.002609
vn -0.960529 -0.038693 0.275476
vn -0.833279 -0.162317 0.528488
vn -0.625461 -0.256526 0.736880
vn -0.357420 -0.312097 0.880254
vn -0.055390 -0.323591 0.944574
vn 0.251061 -0.289884 0.923545
vn 0.531937 -0.214273 0.819225
vn 0.759744 -0.104161 0.641826
vn 0.912181 0.029672 0.408712
vn 0.974328 0.174129 0.142703
vn 0.940101 0.315067 -0.130163
vn 0.812851 0.438691 -0.383175
vn 0.605033 0.532900 -0.591568
vn 0.336991 0.588471 -0.734941
vn 0.034962 0.599965 -0.799262
vn -0.271489 0.566257 -0.778233
vn -0.552365 0.490647 -0.673913
vn -0.780171 0.380536 -0.496514
vn -0.908577 0.377164 -0.179540
vn -0.968222 0.238059 0.076644
vn -0.935065 0.102371 0.339373
vn -0.812353 -0.016618 0.582930
vn -0.612096 -0.107259 0.783475
vn -0.353899 -0.160682 0.921378
vn -0.063033 -0.171655 0.983139
vn 0.232026 -0.139106 0.962711
vn 0.502399 -0.066220 0.862096
vn 0.721618 0.039868 0.691143
vn 0.868225 0.168773 0.466584
vn 0.927870 0.307878 0.210401
vn 0.894713 0.443566 -0.052328
vn 0.772000 0.562554 -0.295886
vn 0.571744 0.653196 -0.496431
vn 0.313546 0.706618 -0.634334
vn 0.022681 0.717592 -0.696094
vn -0.272379 0.685043 -0.675668
vn -0.542751 0.612157 -0.575053
vn -0.761970 0.506069 -0.404099
vn -0.862171 0.498331 -0.091257
vn -0.917843 0.368003 0.148790
vn -0.886571 0.240907 0.394911
vn -0.771417 0.129486 0.623016
vn -0.583653 0.044644 0.810775
vn -0.341658 -0.005313 0.939809
vn -0.069121 -0.015494 0.997488
vn 0.207281 0.015094 0.978165
vn 0.460491 0.083461 0.883732
vn 0.665723 0.182914 0.723433
vn 0.802888 0.303716 0.512959
vn 0.858560 0.434043 0.272912
vn 0.827288 0.561139 0.026790
vn 0.712134 0.672561 -0.201315
vn 0.524370 0.757403 -0.389073
vn 0.282375 0.807359 -0.518107
vn 0.009838 0.817541 -0.575786
vn -0.266563 0.786951 -0.556463
vn -0.519773 0.718585 -0.462030
vn -0.725005 0.619133 -0.301731
vn -0.794535 0.607218 -0.000727
vn -0.844862 0.488877 0.217275
vn -0.816244 0.373505 0.440728
vn -0.711482 0.272393 0.647762
vn -0.540833 0.195441 0.818109
vn -0.320999 0.150180 0.935097
vn -0.073501 0.141040 0.987272
vn 0.177436 0.168918 0.969527
vn 0.407248 0.231084 0.883600
vn 0.593438 0.321451 0.737902
vn 0.717783 0.431175 0.546695
vn 0.768109 0.549516 0.328695
vn 0.739491 0.664889 0.105241
vn 0.634730 0.766001 -0.101792
vn 0.464081 0.842952 -0.272140
vn 0.244247 0.888214 -0.389128
vn -0.003251 0.897352 -0.441303
vn -0.254188 0.869475 -0.423558
vn -0.484000 0.807310 -0.337631
vn -0.670190 0.716942 -0.191934
vn -0.707338 0.701146 0.089822
vn -0.751079 0.597705 0.280410
vn -0.725818 0.496896 0.475693
vn -0.634028 0.408584 0.656558
vn -0.484693 0.341416 0.805300
vn -0.292432 0.301966 0.907359
vn -0.076065 0.294096 0.952744
vn 0.143228 0.318576 0.937014
vn 0.343983 0.373009 0.861708
vn 0.506547 0.452067 0.734197
vn 0.615008 0.548013 0.566963
vn 0.658748 0.651454 0.376376
vn 0.633487 0.752263 0.181092
vn 0.541697 0.840574 0.000228
vn 0.392362 0.907742 -0.148514
vn 0.200102 0.947192 -0.250573
vn -0.016265 0.955062 -0.295959
vn -0.235559 0.930583 -0.280229
vn -0.436314 0.876149 -0.204922
vn -0.598877 0.797091 -0.077412
vn -0.602730 0.777802 0.178157
vn -0.638808 0.691808 0.336639
vn -0.617524 0.608043 0.498946
vn -0.540963 0.534707 0.649190
vn -0.416619 0.478977 0.772664
vn -0.256663 0.446309 0.857282
vn -0.076753 0.439902 0.894760
vn 0.105498 0.460382 0.881430
vn 0.272254 0.505744 0.818597
vn 0.407189 0.571548 0.712411
vn 0.497096 0.651353 0.573267
vn 0.533173 0.737347 0.414785
vn 0.511889 0.821112 0.252478
vn 0.435328 0.894448 0.102234
vn 0.310984 0.950178 -0.021239
vn 0.151028 0.982845 -0.105857
vn -0.028881 0.989253 -0.143335
vn -0.211134 0.968773 -0.130005
vn -0.377889 0.923411 -0.067172
vn -0.512824 0.857607 0.039013
vn -0.483289 0.835305 0.262103
vn -0.510814 0.768874 0.384580
vn -0.494031 0.704215 0.509916
vn -0.434583 0.647658 0.625841
vn -0.338290 0.604738 0.721007
vn -0.214575 0.579658 0.786101
vn -0.075551 0.574871 0.814749
vn 0.065175 0.590847 0.804147
vn 0.193827 0.626022 0.755333
vn 0.297812 0.676952 0.673086
vn 0.366951 0.738652 0.565456
vn 0.394476 0.805084 0.442978
vn 0.377694 0.869742 0.317643
vn 0.318246 0.926299 0.201718
vn 0.221951 0.969219 0.106551
vn 0.098238 0.994299 0.041459
vn -0.040787 0.999086 0.012811
vn -0.181513 0.983110 0.023412
vn -0.310165 0.947935 0.072226
vn -0.414150 0.897005 0.154473
vn -0.351953 0.872242 0.339592
vn -0.370250 0.827008 0.423051
vn -0.358381 0.783047 0.508331
vn -0.317510 0.744660 0.587085
vn -0.251636 0.715607 0.651602
vn -0.167207 0.698730 0.695570
vn -0.072488 0.695682 0.714683
vn 0.023248 0.706762 0.707069
vn 0.110630 0.730882 0.673478
vn 0.181107 0.765685 0.617192
vn 0.227777 0.807763 0.543725
vn 0.246074 0.852997 0.460266
vn 0.234205 0.896958 0.374986
vn 0.193333 0.935344 0.296232
vn 0.127459 0.964398 0.231714
vn 0.043030 0.981274 0.187747
vn -0.051687 0.984323 0.168634
vn -0.147423 0.973244 0.176247
vn -0.234807 0.949122 0.209840
vn -0.305284 0.914319 0.266125
vn -0.227449 0.885608 0.404927
vn -0.236032 0.860376 0.451710
vn -0.227807 0.836090 0.499057
vn -0.203580 0.815128 0.542329
vn -0.165719 0.799544 0.577293
vn -0.117929 0.790859 0.600528
vn -0.064892 0.789927 0.609758
vn -0.011798 0.796837 0.604079
vn 0.036156 0.810913 0.584049
vn 0.074276 0.830778 0.551625
vn 0.098831 0.854487 0.509984
vn 0.107416 0.879719 0.463202
vn 0.099191 0.904005 0.415857
vn 0.074962 0.924966 0.372583
vn 0.037099 0.940552 0.337617
vn -0.010689 0.949236 0.314383
vn -0.063725 0.950169 0.305153
vn -0.116820 0.943259 0.310832
vn -0.164774 0.929182 0.330864
vn -0.202894 0.909317 0.363286
vn 0.065283 -0.883225 -0.464384
vn -0.065283 0.883225 0.464384