v -1.161716 -0.800521 -0.065366
v -1.168329 -0.815845 -0.037151
v -1.164719 -0.830799 -0.008202
v -1.151239 -0.843919 0.018647
v -1.129208 -0.853921 0.040766
v -1.100783 -0.859826 0.055992
v -1.068746 -0.861055 0.062834
v -1.036233 -0.857489 0.060622
v -1.006427 -0.849476 0.049572
v -0.982246 -0.837801 0.030766
v -0.966056 -0.823607 0.006046
v -0.959442 -0.808282 -0.022170
v -0.963052 -0.793328 -0.051118
v -0.976533 -0.780208 -0.077967
v -0.998564 -0.770207 -0.100086
v -1.026989 -0.764302 -0.115312
v -1.059026 -0.763073 -0.122154
v -1.091539 -0.766639 -0.119942
v -1.121345 -0.774652 -0.108892
v -1.145526 -0.786327 -0.090087
v -1.258739 -0.767592 -0.088799
v -1.271803 -0.797863 -0.033063
v -1.264672 -0.827403 0.024122
v -1.238043 -0.853320 0.077158
v -1.194523 -0.873077 0.120853
v -1.138372 -0.884741 0.150930
v -1.075087 -0.887169 0.164444
v -1.010863 -0.880124 0.160074
v -0.951985 -0.864295 0.138247
v -0.904218 -0.841233 0.101099
v -0.872237 -0.813194 0.052267
v -0.859172 -0.782923 -0.003470
v -0.866304 -0.753384 -0.060654
v -0.892932 -0.727467 -0.113690
v -0.936452 -0.707710 -0.157385
v -0.992603 -0.696046 -0.187461
v -1.055888 -0.693618 -0.200976
v -1.120113 -0.700663 -0.196606
v -1.178990 -0.716491 -0.174779
v -1.226758 -0.739553 -0.137631
v -1.352027 -0.721371 -0.103211
v -1.371220 -0.765843 -0.021326
v -1.360744 -0.809241 0.062687
v -1.321622 -0.847317 0.140604
v -1.257685 -0.876343 0.204798
v -1.175192 -0.893478 0.248985
v -1.082217 -0.897046 0.268840
v -0.987861 -0.886696 0.262420
v -0.901361 -0.863442 0.230352
v -0.831184 -0.829560 0.175777
v -0.784200 -0.788366 0.104035
v -0.765006 -0.743894 0.022151
v -0.775483 -0.700496 -0.061862
v -0.814605 -0.662420 -0.139779
v -0.878542 -0.633394 -0.203973
v -0.961035 -0.616259 -0.248160
v -1.054010 -0.612691 -0.268016
v -1.148365 -0.623041 -0.261595
v -1.234865 -0.646295 -0.229528
v -1.305042 -0.680177 -0.174952
v -1.439284 -0.662995 -0.108247
v -1.464134 -0.720573 -0.002230
v -1.450569 -0.776761 0.106542
v -1.399918 -0.826058 0.207422
v -1.317138 -0.863639 0.290534
v -1.210334 -0.885824 0.347744
v -1.089958 -0.890443 0.373451
v -0.967796 -0.877042 0.365138
v -0.855803 -0.846935 0.323620
v -0.764945 -0.803068 0.252961
v -0.704113 -0.749735 0.160076
v -0.679264 -0.692156 0.054059
v -0.692828 -0.635968 -0.054713
v -0.743479 -0.586671 -0.155592
v -0.826259 -0.549091 -0.238705
v -0.933063 -0.526906 -0.295914
v -1.053439 -0.522287 -0.321621
v -1.175602 -0.535687 -0.313309
v -1.287594 -0.565794 -0.271790
v -1.378452 -0.609661 -0.201131
v -1.518361 -0.593902 -0.103783
v -1.548255 -0.663169 0.023755
v -1.531937 -0.730763 0.154608
v -1.471004 -0.790067 0.275967
v -1.371420 -0.835277 0.375951
v -1.242933 -0.861966 0.444774
v -1.098121 -0.867522 0.475700
v -0.951159 -0.851402 0.465700
v -0.816432 -0.815183 0.415754
v -0.707129 -0.762410 0.330750
v -0.633949 -0.698250 0.219010
v -0.604055 -0.628983 0.091471
v -0.620373 -0.561389 -0.039381
v -0.681306 -0.502085 -0.160740
v -0.780890 -0.456876 -0.260724
v -0.909376 -0.430186 -0.329547
v -1.054188 -0.424630 -0.360473
v -1.201150 -0.440750 -0.350473
v -1.335877 -0.476970 -0.300527
v -1.445180 -0.529742 -0.215523
v -1.587310 -0.515794 -0.089930
v -1.621513 -0.595044 0.055990
v -1.602843 -0.672380 0.205702
v -1.533128 -0.740231 0.344551
v -1.419191 -0.791956 0.458945
v -1.272187 -0.822492 0.537688
v -1.106505 -0.828849 0.573070
v -0.938362 -0.810405 0.561629
v -0.784218 -0.768966 0.504484
v -0.659162 -0.708588 0.407230
v -0.575434 -0.635181 0.279385
v -0.541232 -0.555931 0.133466
v -0.559902 -0.478595 -0.016246
v -0.629617 -0.410744 -0.155095
v -0.743553 -0.359019 -0.269490
v -0.890557 -0.328483 -0.348232
v -1.056240 -0.322126 -0.383614
v -1.224382 -0.340570 -0.372173
v -1.378526 -0.382009 -0.315028
v -1.503582 -0.442387 -0.217774
v -1.644435 -0.430593 -0.067028
v -1.682104 -0.517875 0.093680
v -1.661542 -0.603048 0.258565
v -1.584761 -0.677776 0.411485
v -1.459278 -0.734743 0.537473
v -1.297376 -0.768373 0.624195
v -1.114902 -0.775375 0.663163
v -0.929719 -0.755062 0.650563
v -0.759954 -0.709423 0.587627
v -0.622223 -0.642926 0.480516
v -0.530011 -0.562080 0.339716
v -0.492342 -0.474798 0.179008
v -0.512904 -0.389625 0.014123
v -0.589684 -0.314897 -0.138797
v -0.715167 -0.257930 -0.264785
v -0.877070 -0.224300 -0.351507
v -1.059543 -0.217298 -0.390475
v -1.244726 -0.237611 -0.377875
v -1.414492 -0.283250 -0.314939
v -1.552222 -0.349747 -0.207828
v -1.688328 -0.340398 -0.035641
v -1.728535 -0.433562 0.135898
v -1.706587 -0.524476 0.311895
v -1.624632 -0.604240 0.475122
v -1.490692 -0.665047 0.609601
v -1.317878 -0.700943 0.702168
v -1.123107 -0.708417 0.743762
v -0.925443 -0.686735 0.730312
v -0.744236 -0.638020 0.663135
v -0.597224 -0.567041 0.548805
v -0.498796 -0.480746 0.398515
v -0.458589 -0.387582 0.226976
v -0.480537 -0.296668 0.050979
v -0.562492 -0.216904 -0.112247
v -0.696432 -0.156098 -0.246726
v -0.869245 -0.120201 -0.339293
v -1.064017 -0.112728 -0.380887
v -1.261680 -0.134410 -0.367438
v -1.442887 -0.183124 -0.300260
v -1.589900 -0.254103 -0.185931
v -1.717908 -0.247430 0.003458
v -1.759664 -0.344182 0.181604
v -1.736871 -0.438598 0.364380
v -1.651759 -0.521434 0.533894
v -1.512660 -0.584583 0.673552
v -1.333190 -0.621862 0.769685
v -1.130917 -0.629623 0.812881
v -0.925640 -0.607106 0.798913
v -0.737453 -0.556515 0.729148
v -0.584778 -0.482803 0.610415
v -0.482560 -0.393184 0.454337
v -0.440803 -0.296431 0.276190
v -0.463597 -0.202016 0.093415
v -0.548708 -0.119179 -0.076099
v -0.687807 -0.056031 -0.215757
v -0.867277 -0.018751 -0.311890
v -1.069551 -0.010990 -0.355086
v -1.274828 -0.033507 -0.341119
v -1.463014 -0.084098 -0.271354
v -1.615689 -0.157811 -0.152620
v -1.732448 -0.153977 0.049306
v -1.774725 -0.251936 0.229673
v -1.751647 -0.347528 0.414727
v -1.665474 -0.431397 0.586353
v -1.524641 -0.495333 0.727753
v -1.342934 -0.533077 0.825084
v -1.138139 -0.540934 0.868819
v -0.930304 -0.518137 0.854677
v -0.739771 -0.466915 0.784042
v -0.585193 -0.392284 0.663829
v -0.481701 -0.301548 0.505805
v -0.439424 -0.203589 0.325438
v -0.462501 -0.107997 0.140384
v -0.548674 -0.024128 -0.031243
v -0.689507 0.039808 -0.172642
v -0.871214 0.077552 -0.269973
v -1.076009 0.085410 -0.313708
v -1.283844 0.062612 -0.299566
v -1.474377 0.011390 -0.228931
v -1.628955 -0.063241 -0.108718
v -1.731589 -0.062341 0.100774
v -1.773345 -0.159094 0.278920
v -1.750552 -0.253509 0.461696
v -1.665440 -0.336346 0.631210
v -1.526341 -0.399494 0.770868
v -1.346871 -0.436774 0.867001
v -1.144597 -0.444535 0.910197
v -0.939320 -0.422018 0.896230
v -0.751134 -0.371427 0.826464
v -0.598459 -0.297714 0.707732
v -0.496240 -0.208095 0.551653
v -0.454484 -0.111343 0.373506
v -0.477277 -0.016927 0.190731
v -0.562389 0.065909 0.021217
v -0.701488 0.129058 -0.118441
v -0.880958 0.166337 -0.214574
v -1.083232 0.174098 -0.257770
v -1.288508 0.151581 -0.243802
v -1.476695 0.100990 -0.174037
v -1.629370 0.027278 -0.055304
v -1.715352 0.025221 0.156596
v -1.755560 -0.067943 0.328135
v -1.733612 -0.158856 0.504131
v -1.651657 -0.238621 0.667358
v -1.517717 -0.299427 0.801837
v -1.344903 -0.335324 0.894404
v -1.150131 -0.342797 0.935999
v -0.952468 -0.321115 0.922549
v -0.771261 -0.272401 0.855371
v -0.624248 -0.201422 0.741042
v -0.525821 -0.115127 0.590752
v -0.485613 -0.021963 0.419213
v -0.507561 0.068951 0.243216
v -0.589516 0.148715 0.079989
v -0.723456 0.209522 -0.054490
v -0.896270 0.245418 -0.147057
v -1.091041 0.252892 -0.188651
v -1.288705 0.231210 -0.175201
v -1.469912 0.182495 -0.108024
v -1.616924 0.111516 0.006306
v -1.684137 0.106555 0.215395
v -1.721806 0.019273 0.376103
v -1.701244 -0.065900 0.540988
v -1.624464 -0.140628 0.693908
v -1.498981 -0.197595 0.819896
v -1.337079 -0.231226 0.906618
v -1.154605 -0.238227 0.945586
v -0.969422 -0.217914 0.932986
v -0.799657 -0.172275 0.870050
v -0.661926 -0.105778 0.762939
v -0.569714 -0.024932 0.622139
v -0.532045 0.062350 0.461431
v -0.552607 0.147523 0.296546
v -0.629387 0.222251 0.143626
v -0.754870 0.279218 0.017638
v -0.916773 0.312848 -0.069084
v -1.099246 0.319850 -0.108052
v -1.284429 0.299537 -0.095452
v -1.454195 0.253898 -0.032516
v -1.591925 0.187401 0.074595
v -1.638714 0.179656 0.275725
v -1.672917 0.100406 0.421645
v -1.654247 0.023070 0.571357
v -1.584531 -0.044781 0.710206
v -1.470595 -0.096506 0.824601
v -1.323591 -0.127042 0.903343
v -1.157908 -0.133399 0.938725
v -0.989766 -0.114955 0.927284
v -0.835622 -0.073516 0.870139
v -0.710566 -0.013138 0.772885
v -0.626838 0.060269 0.645041
v -0.592636 0.139519 0.499121
v -0.611306 0.216855 0.349409
v -0.681021 0.284706 0.210560
v -0.794957 0.336431 0.096166
v -0.941961 0.366967 0.017424
v -1.107644 0.373324 -0.017959
v -1.275786 0.354880 -0.006518
v -1.429930 0.313441 0.050627
v -1.554986 0.253063 0.147881
v -1.580199 0.242725 0.336101
v -1.610094 0.173458 0.463639
v -1.593776 0.105864 0.594492
v -1.532842 0.046560 0.715851
v -1.433258 0.001351 0.815835
v -1.304772 -0.025339 0.884659
v -1.159960 -0.030895 0.915584
v -1.012998 -0.014774 0.905584
v -0.878271 0.021445 0.855638
v -0.768968 0.074217 0.770634
v -0.695788 0.138377 0.658894
v -0.665893 0.207644 0.531356
v -0.682212 0.275238 0.400503
v -0.743145 0.334543 0.279144
v -0.842729 0.379752 0.179160
v -0.971215 0.406441 0.110337
v -1.116027 0.411997 0.079411
v -1.262989 0.395877 0.089411
v -1.397716 0.359658 0.139357
v -1.507019 0.306885 0.224361
v -1.510035 0.294210 0.395034
v -1.534885 0.236631 0.501051
v -1.521320 0.180443 0.609823
v -1.470669 0.131147 0.710703
v -1.387890 0.093566 0.793816
v -1.281085 0.071381 0.851025
v -1.160709 0.066762 0.876732
v -1.038547 0.080162 0.868420
v -0.926555 0.110269 0.826901
v -0.835696 0.154137 0.756242
v -0.774864 0.207470 0.663358
v -0.750015 0.265048 0.557341
v -0.763579 0.321236 0.448569
v -0.814230 0.370533 0.347689
v -0.897010 0.408114 0.264577
v -1.003814 0.430299 0.207367
v -1.124190 0.434918 0.181660
v -1.246353 0.421518 0.189973
v -1.358345 0.391410 0.231491
v -1.449203 0.347543 0.302150
v -1.429949 0.332842 0.451075
v -1.449142 0.288369 0.532960
v -1.438665 0.244971 0.616973
v -1.399543 0.206896 0.694890
v -1.335606 0.177869 0.759084
v -1.253113 0.160734 0.803271
v -1.160138 0.157166 0.823127
v -1.065783 0.167516 0.816706
v -0.979283 0.190770 0.784639
v -0.909106 0.224652 0.730063
v -0.862121 0.265846 0.658322
v -0.842928 0.310318 0.576437
v -0.853405 0.353716 0.492424
v -0.892526 0.391792 0.414507
v -0.956463 0.420818 0.350313
v -1.038957 0.437953 0.306126
v -1.131931 0.441521 0.286271
v -1.226287 0.431171 0.292691
v -1.312787 0.407917 0.324758
v -1.382964 0.374035 0.379334
v -1.341912 0.357669 0.502844
v -1.354976 0.327398 0.558580
v -1.347845 0.297859 0.615765
v -1.321216 0.271942 0.668801
v -1.277696 0.252185 0.712496
v -1.221545 0.240521 0.742572
v -1.158260 0.238093 0.756087
v -1.094036 0.245138 0.751717
v -1.035158 0.260966 0.729890
v -0.987391 0.284028 0.692742
v -0.955409 0.312067 0.643910
v -0.942345 0.342338 0.588173
v -0.949477 0.371878 0.530988
v -0.976105 0.397795 0.477953
v -1.019625 0.417552 0.434258
v -1.075776 0.429216 0.404181
v -1.139061 0.431644 0.390666
v -1.203286 0.424599 0.395037
v -1.262163 0.408771 0.416864
v -1.309931 0.385708 0.454012
v -1.248092 0.368082 0.549065
v -1.254706 0.352758 0.577280
v -1.251096 0.337804 0.606229
v -1.237615 0.324684 0.633078
v -1.215584 0.314682 0.655197
v -1.187159 0.308777 0.670423
v -1.155122 0.307548 0.677265
v -1.122609 0.311115 0.675053
v -1.092804 0.319127 0.664003
v -1.068622 0.330802 0.645198
v -1.052432 0.344996 0.620477
v -1.045819 0.360321 0.592261
v -1.049429 0.375275 0.563313
v -1.062909 0.388395 0.536464
v -1.084940 0.398396 0.514345
v -1.113366 0.404301 0.499119
v -1.145403 0.405530 0.492277
v -1.177915 0.401964 0.494489
v -1.207721 0.393951 0.505539
v -1.231903 0.382276 0.524345
v -1.063348 -0.819347 -0.033490
v -1.150801 0.363822 0.588600
v 0.345962 -0.202366 -0.991066
v 0.339349 -0.217690 -0.962850
v 0.342959 -0.232644 -0.933902
v 0.356439 -0.245764 -0.907053
v 0.378470 -0.255765 -0.884934
v 0.406896 -0.261670 -0.869708
v 0.438933 -0.262899 -0.862866
v 0.471445 -0.259333 -0.865078
v 0.501251 -0.251320 -0.876128
v 0.525432 -0.239645 -0.894933
v 0.541622 -0.225451 -0.919654
v 0.548236 -0.210127 -0.947869
v 0.544626 -0.195173 -0.976818
v 0.531145 -0.182053 -1.003667
v 0.509114 -0.172051 -1.025786
v 0.480689 -0.166146 -1.041012
v 0.448652 -0.164917 -1.047854
v 0.416139 -0.168484 -1.045642
v 0.386333 -0.176496 -1.034592
v 0.362152 -0.188171 -1.015786
v 0.248939 -0.169436 -1.014499
v 0.235875 -0.199707 -0.958762
v 0.243006 -0.229247 -0.901578
v 0.269635 -0.255164 -0.848542
v 0.313155 -0.274921 -0.804847
v 0.369306 -0.286585 -0.774770
v 0.432591 -0.289013 -0.761255
v 0.496816 -0.281968 -0.765626
v 0.555693 -0.266140 -0.787453
v 0.603460 -0.243077 -0.824601
v 0.635442 -0.215038 -0.873433
v 0.648506 -0.184767 -0.929169
v 0.641374 -0.155228 -0.986354
v 0.614746 -0.129311 -1.039390
v 0.571226 -0.109554 -1.083084
v 0.515075 -0.097890 -1.113161
v 0.451790 -0.095462 -1.126676
v 0.387565 -0.102507 -1.122306
v 0.328688 -0.118335 -1.100479
v 0.280920 -0.141398 -1.063331
v 0.155651 -0.123215 -1.028911
v 0.136458 -0.167687 -0.947026
v 0.146935 -0.211085 -0.863013
v 0.186056 -0.249161 -0.785096
v 0.249993 -0.278187 -0.720902
v 0.332486 -0.295322 -0.676715
v 0.425461 -0.298890 -0.656860
v 0.519817 -0.288540 -0.663280
v 0.606317 -0.265286 -0.695347
v 0.676494 -0.231404 -0.749923
v 0.723478 -0.190211 -0.821664
v 0.742672 -0.145738 -0.903549
v 0.732195 -0.102340 -0.987562
v 0.693073 -0.064265 -1.065479
v 0.629136 -0.035238 -1.129673
v 0.546643 -0.018103 -1.173860
v 0.453668 -0.014536 -1.193715
v 0.359313 -0.024886 -1.187295
v 0.272813 -0.048140 -1.155228
v 0.202636 -0.082022 -1.100652
v 0.068394 -0.064839 -1.033947
v 0.043544 -0.122418 -0.927930
v 0.057109 -0.178605 -0.819158
v 0.107760 -0.227902 -0.718278
v 0.190540 -0.265483 -0.635166
v 0.297344 -0.287668 -0.577956
v 0.417720 -0.292287 -0.552249
v 0.539883 -0.278887 -0.560562
v 0.651875 -0.248779 -0.602080
v 0.742733 -0.204912 -0.672739
v 0.803565 -0.151579 -0.765623
v 0.828415 -0.094000 -0.871641
v 0.814850 -0.037812 -0.980412
v 0.764199 0.011484 -1.081292
v 0.681419 0.049065 -1.164404
v 0.574615 0.071250 -1.221614
v 0.454239 0.075869 -1.247321
v 0.332077 0.062469 -1.239008
v 0.220085 0.032362 -1.197490
v 0.129226 -0.011506 -1.126831
v -0.010683 0.004254 -1.029483
v -0.040577 -0.065013 -0.901944
v -0.024259 -0.132607 -0.771092
v 0.036675 -0.191912 -0.649733
v 0.136259 -0.237121 -0.549749
v 0.264745 -0.263810 -0.480925
v 0.409557 -0.269366 -0.450000
v 0.556519 -0.253246 -0.460000
v 0.691246 -0.217027 -0.509946
v 0.800549 -0.164255 -0.594950
v 0.873729 -0.100095 -0.706690
v 0.903623 -0.030827 -0.834228
v 0.887305 0.036767 -0.965081
v 0.826372 0.096071 -1.086440
v 0.726788 0.141280 -1.186424
v 0.598302 0.167969 -1.255247
v 0.453490 0.173526 -1.286172
v 0.306528 0.157405 -1.276173
v 0.171801 0.121186 -1.226226
v 0.062498 0.068414 -1.141223
v -0.079632 0.082362 -1.015630
v -0.113835 0.003112 -0.869710
v -0.095165 -0.074224 -0.719998
v -0.025449 -0.142075 -0.581149
v 0.088487 -0.193800 -0.466755
v 0.235491 -0.224336 -0.388012
v 0.401173 -0.230693 -0.352630
v 0.569316 -0.212249 -0.364071
v 0.723460 -0.170810 -0.421216
v 0.848516 -0.110432 -0.518470
v 0.932244 -0.037025 -0.646314
v 0.966446 0.042225 -0.792234
v 0.947776 0.119561 -0.941946
v 0.878061 0.187412 -1.080795
v 0.764125 0.239137 -1.195189
v 0.617121 0.269673 -1.273932
v 0.451438 0.276030 -1.309314
v 0.283296 0.257586 -1.297873
v 0.129152 0.216147 -1.240728
v 0.004096 0.155769 -1.143474
v -0.136757 0.167563 -0.992728
v -0.174426 0.080281 -0.832020
v -0.153863 -0.004892 -0.667135
v -0.077083 -0.079620 -0.514215
v 0.048400 -0.136587 -0.388227
v 0.210302 -0.170218 -0.301505
v 0.392776 -0.177219 -0.262536
v 0.577959 -0.156906 -0.275137
v 0.747725 -0.111267 -0.338073
v 0.885455 -0.044770 -0.445184
v 0.977667 0.036076 -0.585984
v 1.015336 0.123358 -0.746692
v 0.994774 0.208531 -0.911576
v 0.917994 0.283259 -1.064497
v 0.792511 0.340226 -1.190485
v 0.630608 0.373856 -1.277207
v 0.448135 0.380858 -1.316175
v 0.262952 0.360545 -1.303575
v 0.093186 0.314906 -1.240639
v -0.044543 0.248409 -1.133528
v -0.180649 0.257758 -0.961341
v -0.220857 0.164593 -0.789802
v -0.198909 0.073680 -0.613805
v -0.116954 -0.006084 -0.450578
v 0.016986 -0.066891 -0.316099
v 0.189800 -0.102788 -0.223532
v 0.384571 -0.110261 -0.181938
v 0.582235 -0.088579 -0.195388
v 0.763442 -0.039864 -0.262565
v 0.910454 0.031114 -0.376895
v 1.008882 0.117409 -0.527185
v 1.049089 0.210574 -0.698724
v 1.027142 0.301487 -0.874720
v 0.945186 0.381251 -1.037947
v 0.811246 0.442058 -1.172426
v 0.638433 0.477955 -1.264993
v 0.443661 0.485428 -1.306587
v 0.245998 0.463746 -1.293137
v 0.064791 0.415031 -1.225960
v -0.082222 0.344053 -1.111631
v -0.210230 0.350726 -0.922242
v -0.251986 0.253974 -0.744096
v -0.229193 0.159558 -0.561320
v -0.144081 0.076722 -0.391806
v -0.004982 0.013573 -0.252148
v 0.174488 -0.023706 -0.156015
v 0.376761 -0.031467 -0.112819
v 0.582038 -0.008950 -0.126787
v 0.770225 0.041641 -0.196552
v 0.922900 0.115353 -0.315285
v 1.025118 0.204972 -0.471363
v 1.066875 0.301725 -0.649510
v 1.044081 0.396140 -0.832285
v 0.958970 0.478976 -1.001799
v 0.819871 0.542125 -1.141457
v 0.640401 0.579404 -1.237590
v 0.438127 0.587165 -1.280786
v 0.232850 0.564648 -1.266818
v 0.044664 0.514058 -1.197053
v -0.108011 0.440345 -1.078320
v -0.224770 0.444179 -0.876394
v -0.267047 0.346220 -0.696027
v -0.243969 0.250628 -0.510973
v -0.157796 0.166759 -0.339346
v -0.016963 0.102823 -0.197947
v 0.164744 0.065079 -0.100616
v 0.369539 0.057221 -0.056881
v 0.577374 0.080019 -0.071023
v 0.767907 0.131241 -0.141658
v 0.922485 0.205872 -0.261871
v 1.025977 0.296608 -0.419895
v 1.068254 0.394566 -0.600262
v 1.045177 0.490159 -0.785316
v 0.959004 0.574028 -0.956942
v 0.818171 0.637963 -1.098342
v 0.636464 0.675707 -1.195673
v 0.431669 0.683565 -1.239408
v 0.223834 0.660768 -1.225265
v 0.033301 0.609546 -1.154631
v -0.121277 0.534915 -1.034418
v -0.223911 0.535815 -0.824926
v -0.265667 0.439062 -0.646779
v -0.242874 0.344647 -0.464004
v -0.157762 0.261810 -0.294490
v -0.018663 0.198662 -0.154831
v 0.160807 0.161382 -0.058699
v 0.363081 0.153621 -0.015502
v 0.568358 0.176138 -0.029470
v 0.756544 0.226729 -0.099235
v 0.909219 0.300442 -0.217968
v 1.011438 0.390061 -0.374047
v 1.053194 0.486813 -0.552193
v 1.030401 0.581229 -0.734969
v 0.945289 0.664065 -0.904482
v 0.806190 0.727213 -1.044141
v 0.626720 0.764493 -1.140274
v 0.424446 0.772254 -1.183470
v 0.219170 0.749737 -1.169502
v 0.030983 0.699146 -1.099737
v -0.121692 0.625433 -0.981004
v -0.207674 0.623377 -0.769104
v -0.247882 0.530213 -0.597565
v -0.225934 0.439299 -0.421568
v -0.143979 0.359535 -0.258342
v -0.010039 0.298729 -0.123863
v 0.162775 0.262832 -0.031296
v 0.357547 0.255359 0.010299
v 0.555210 0.277041 -0.003151
v 0.736417 0.325755 -0.070329
v 0.883430 0.396734 -0.184658
v 0.981857 0.483029 -0.334948
v 1.022065 0.576193 -0.506487
v 1.000117 0.667107 -0.682484
v 0.918162 0.746871 -0.845711
v 0.784222 0.807677 -0.980189
v 0.611408 0.843574 -1.072756
v 0.416637 0.851047 -1.114351
v 0.218973 0.829366 -1.100901
v 0.037766 0.780651 -1.033724
v -0.109246 0.709672 -0.919394
v -0.176460 0.704711 -0.710305
v -0.214128 0.617429 -0.549597
v -0.193566 0.532255 -0.384712
v -0.116786 0.457528 -0.231792
v 0.008697 0.400561 -0.105804
v 0.170599 0.366930 -0.019082
v 0.353073 0.359929 0.019887
v 0.538256 0.380242 0.007286
v 0.708022 0.425881 -0.055650
v 0.845752 0.492378 -0.162761
v 0.937964 0.573224 -0.303561
v 0.975633 0.660506 -0.464269
v 0.955071 0.745679 -0.629154
v 0.878291 0.820407 -0.782074
v 0.752808 0.877374 -0.908062
v 0.590905 0.911004 -0.994784
v 0.408432 0.918006 -1.033752
v 0.223249 0.897693 -1.021152
v 0.053484 0.852054 -0.958216
v -0.084247 0.785557 -0.851105
v -0.131036 0.777812 -0.649974
v -0.165239 0.698562 -0.504055
v -0.146568 0.621226 -0.354343
v -0.076853 0.553375 -0.215494
v 0.037083 0.501649 -0.101099
v 0.184087 0.471114 -0.022357
v 0.349770 0.464757 0.013025
v 0.517912 0.483200 0.001584
v 0.672056 0.524640 -0.055560
v 0.797112 0.585018 -0.152815
v 0.880840 0.658425 -0.280659
v 0.915043 0.737675 -0.426579
v 0.896373 0.815011 -0.576291
v 0.826657 0.882862 -0.715140
v 0.712721 0.934587 -0.829534
v 0.565717 0.965123 -0.908276
v 0.400034 0.971480 -0.943659
v 0.231892 0.953036 -0.932218
v 0.077748 0.911597 -0.875073
v -0.047308 0.851219 -0.777819
v -0.072521 0.840881 -0.589599
v -0.102416 0.771614 -0.462060
v -0.086097 0.704020 -0.331207
v -0.025164 0.644716 -0.209849
v 0.074420 0.599506 -0.109865
v 0.202906 0.572817 -0.041041
v 0.347718 0.567261 -0.010116
v 0.494680 0.583381 -0.020116
v 0.629407 0.619600 -0.070062
v 0.738710 0.672373 -0.155066
v 0.811890 0.736533 -0.266806
v 0.841785 0.805800 -0.394344
v 0.825466 0.873394 -0.525197
v 0.764533 0.932698 -0.646556
v 0.664949 0.977908 -0.746540
v 0.536463 1.004597 -0.815363
v 0.391651 1.010153 -0.846289
v 0.244689 0.994033 -0.836289
v 0.109963 0.957814 -0.786342
v 0.000659 0.905041 -0.701339
v -0.002357 0.892366 -0.530665
v -0.027207 0.834787 -0.424648
v -0.013642 0.778599 -0.315876
v 0.037009 0.729302 -0.214997
v 0.119788 0.691722 -0.131884
v 0.226593 0.669536 -0.074675
v 0.346969 0.664918 -0.048968
v 0.469131 0.678318 -0.057280
v 0.581123 0.708425 -0.098798
v 0.671982 0.752292 -0.169458
v 0.732814 0.805626 -0.262342
v 0.757663 0.863204 -0.368359
v 0.744099 0.919392 -0.477131
v 0.693448 0.968689 -0.578011
v 0.610668 1.006269 -0.661123
v 0.503864 1.028455 -0.718333
v 0.383488 1.033074 -0.744040
v 0.261325 1.019673 -0.735727
v 0.149333 0.989566 -0.694209
v 0.058475 0.945699 -0.623550
v 0.077730 0.930997 -0.474624
v 0.058536 0.886525 -0.392740
v 0.069013 0.843127 -0.308727
v 0.108135 0.805051 -0.230810
v 0.172072 0.776025 -0.166616
v 0.254565 0.758890 -0.122429
v 0.347540 0.755322 -0.102573
v 0.441895 0.765672 -0.108994
v 0.528395 0.788926 -0.141061
v 0.598572 0.822808 -0.195637
v 0.645557 0.864002 -0.267378
v 0.664750 0.908474 -0.349263
v 0.654273 0.951872 -0.433276
v 0.615152 0.989948 -0.511193
v 0.551215 1.018974 -0.575387
v 0.468722 1.036109 -0.619574
v 0.375747 1.039677 -0.639429
v 0.281391 1.029327 -0.633009
v 0.194891 1.006073 -0.600941
v 0.124714 0.972191 -0.546366
v 0.165766 0.955825 -0.422856
v 0.152702 0.925554 -0.367120
v 0.159834 0.896014 -0.309935
v 0.186462 0.870098 -0.256899
v 0.229982 0.850340 -0.213204
v 0.286133 0.838677 -0.183127
v 0.349418 0.836249 -0.169613
v 0.413643 0.843294 -0.173983
v 0.472520 0.859122 -0.195810
v 0.520288 0.882184 -0.232958
v 0.552269 0.910223 -0.281790
v 0.565333 0.940494 -0.337526
v 0.558201 0.970034 -0.394711
v 0.531573 0.995951 -0.447747
v 0.488053 1.015708 -0.491442
v 0.431902 1.027371 -0.521519
v 0.368617 1.029800 -0.535033
v 0.304392 1.022755 -0.530663
v 0.245515 1.006926 -0.508836
v 0.197748 0.983864 -0.471688
v 0.259586 0.966238 -0.376635
v 0.252972 0.950913 -0.348419
v 0.256582 0.935959 -0.319471
v 0.270063 0.922839 -0.292622
v 0.292094 0.912838 -0.270502
v 0.320519 0.906933 -0.255277
v 0.352556 0.905704 -0.248435
v 0.385069 0.909270 -0.250647
v 0.414875 0.917283 -0.261697
v 0.439056 0.928958 -0.280502
v 0.455246 0.943152 -0.305223
v 0.461859 0.958476 -0.333438
v 0.458249 0.973430 -0.362387
v 0.444769 0.986550 -0.389236
v 0.422738 0.996552 -0.411355
v 0.394312 1.002456 -0.426581
v 0.362275 1.003686 -0.433423
v 0.329763 1.000119 -0.431211
v 0.299957 0.992107 -0.420161
v 0.275776 0.980432 -0.401355
v 0.444331 -0.221192 -0.959189
v 0.356877 0.961978 -0.337099
v -0.533954 -1.512146 -0.907468
v -0.540567 -1.527470 -0.879252
v -0.536957 -1.542424 -0.850303
v -0.523477 -1.555544 -0.823455
v -0.501446 -1.565546 -0.801335
v -0.473020 -1.571450 -0.786109
v -0.440983 -1.572679 -0.779268
v -0.408471 -1.569113 -0.781480
v -0.378665 -1.561100 -0.792529
v -0.354484 -1.549425 -0.811335
v -0.338294 -1.535231 -0.836055
v -0.331680 -1.519907 -0.864271
v -0.335290 -1.504953 -0.893220
v -0.348771 -1.491833 -0.920068
v -0.370802 -1.481831 -0.942188
v -0.399227 -1.475927 -0.957414
v -0.431264 -1.474697 -0.964255
v -0.463777 -1.478264 -0.962043
v -0.493582 -1.486277 -0.950993
v -0.517764 -1.497952 -0.932188
v -0.630977 -1.479217 -0.930900
v -0.644041 -1.509488 -0.875164
v -0.636910 -1.539027 -0.817979
v -0.610281 -1.564944 -0.764943
v -0.566761 -1.584701 -0.721249
v -0.510610 -1.596365 -0.691172
v -0.447325 -1.598793 -0.677657
v -0.383100 -1.591748 -0.682027
v -0.324223 -1.575920 -0.703854
v -0.276456 -1.552858 -0.741002
v -0.244474 -1.524819 -0.789834
v -0.231410 -1.494548 -0.845571
v -0.238542 -1.465008 -0.902756
v -0.265170 -1.439091 -0.955791
v -0.308690 -1.419334 -0.999486
v -0.364841 -1.407670 -1.029563
v -0.428126 -1.405242 -1.043078
v -0.492351 -1.412287 -1.038708
v -0.551228 -1.428115 -1.016880
v -0.598996 -1.451178 -0.979732
v -0.724265 -1.432995 -0.945312
v -0.743458 -1.477467 -0.863427
v -0.732981 -1.520865 -0.779414
v -0.693860 -1.558941 -0.701498
v -0.629923 -1.587967 -0.637304
v -0.547430 -1.605103 -0.593116
v -0.454455 -1.608670 -0.573261
v -0.360099 -1.598320 -0.579682
v -0.273599 -1.575066 -0.611749
v -0.203422 -1.541184 -0.666325
v -0.156438 -1.499991 -0.738066
v -0.137244 -1.455518 -0.819951
v -0.147721 -1.412120 -0.903964
v -0.186843 -1.374045 -0.981880
v -0.250780 -1.345019 -1.046074
v -0.333273 -1.327883 -1.090262
v -0.426248 -1.324316 -1.110117
v -0.520603 -1.334666 -1.103697
v -0.607103 -1.357920 -1.071629
v -0.677280 -1.391802 -1.017054
v -0.811522 -1.374619 -0.950348
v -0.836372 -1.432198 -0.844331
v -0.822807 -1.488386 -0.735559
v -0.772156 -1.537682 -0.634680
v -0.689376 -1.575263 -0.551567
v -0.582572 -1.597448 -0.494357
v -0.462196 -1.602067 -0.468651
v -0.340033 -1.588667 -0.476963
v -0.228041 -1.558560 -0.518481
v -0.137183 -1.514692 -0.589141
v -0.076351 -1.461359 -0.682025
v -0.051501 -1.403781 -0.788042
v -0.065066 -1.347593 -0.896814
v -0.115717 -1.298296 -0.997694
v -0.198497 -1.260715 -1.080806
v -0.305301 -1.238530 -1.138016
v -0.425677 -1.233911 -1.163722
v -0.547839 -1.247311 -1.155410
v -0.659831 -1.277419 -1.113892
v -0.750690 -1.321286 -1.043232
v -0.890599 -1.305526 -0.945885
v -0.920493 -1.374794 -0.818346
v -0.904175 -1.442388 -0.687493
v -0.843241 -1.501692 -0.566135
v -0.743657 -1.546901 -0.466150
v -0.615171 -1.573590 -0.397327
v -0.470359 -1.579147 -0.366402
v -0.323397 -1.563026 -0.376402
v -0.188670 -1.526807 -0.426348
v -0.079367 -1.474035 -0.511351
v -0.006187 -1.409875 -0.623091
v 0.023707 -1.340608 -0.750630
v 0.007389 -1.273014 -0.881483
v -0.053544 -1.213709 -1.002841
v -0.153128 -1.168500 -1.102826
v -0.281614 -1.141811 -1.171649
v -0.426426 -1.136254 -1.202574
v -0.573388 -1.152375 -1.192574
v -0.708115 -1.188594 -1.142628
v -0.817418 -1.241366 -1.057624
v -0.959548 -1.227418 -0.932031
v -0.993751 -1.306668 -0.786111
v -0.975081 -1.384004 -0.636400
v -0.905366 -1.451855 -0.497551
v -0.791429 -1.503580 -0.383156
v -0.644425 -1.534116 -0.304414
v -0.478743 -1.540473 -0.269032
v -0.310600 -1.522030 -0.280473
v -0.156456 -1.480590 -0.337617
v -0.031400 -1.420212 -0.434872
v 0.052328 -1.346805 -0.562716
v 0.086530 -1.267555 -0.708636
v 0.067860 -1.190219 -0.858348
v -0.001855 -1.122368 -0.997196
v -0.115791 -1.070643 -1.111591
v -0.262795 -1.040107 -1.190333
v -0.428478 -1.033750 -1.225716
v -0.596620 -1.052194 -1.214274
v -0.750764 -1.093633 -1.157130
v -0.875820 -1.154011 -1.059875
v -1.016673 -1.142217 -0.909129
v -1.054342 -1.229499 -0.748421
v -1.033779 -1.314673 -0.583537
v -0.956999 -1.389400 -0.430616
v -0.831516 -1.446368 -0.304628
v -0.669614 -1.479998 -0.217906
v -0.487140 -1.486999 -0.178938
v -0.301957 -1.466686 -0.191539
v -0.132191 -1.421048 -0.254475
v 0.005539 -1.354550 -0.361585
v 0.097751 -1.273704 -0.502386
v 0.135420 -1.186422 -0.663094
v 0.114858 -1.101249 -0.827978
v 0.038078 -1.026521 -0.980899
v -0.087405 -0.969554 -1.106886
v -0.249308 -0.935924 -1.193609
v -0.431781 -0.928922 -1.232577
v -0.616964 -0.949235 -1.219976
v -0.786729 -0.994874 -1.157040
v -0.924460 -1.061371 -1.049930
v -1.060565 -1.052022 -0.877742
v -1.100773 -1.145187 -0.706203
v -1.078825 -1.236100 -0.530206
v -0.996870 -1.315864 -0.366980
v -0.862930 -1.376671 -0.232501
v -0.690116 -1.412568 -0.139934
v -0.495345 -1.420041 -0.098339
v -0.297681 -1.398359 -0.111789
v -0.116474 -1.349645 -0.178967
v 0.030538 -1.278666 -0.293296
v 0.128966 -1.192371 -0.443586
v 0.169173 -1.099207 -0.615125
v 0.147225 -1.008293 -0.791122
v 0.065270 -0.928529 -0.954349
v -0.068670 -0.867722 -1.088827
v -0.241483 -0.831826 -1.181394
v -0.436255 -0.824352 -1.222989
v -0.633918 -0.846034 -1.209539
v -0.815125 -0.894749 -1.142361
v -0.962138 -0.965727 -1.028032
v -1.090146 -0.959054 -0.838643
v -1.131902 -1.055807 -0.660497
v -1.109109 -1.150222 -0.477721
v -1.023997 -1.233058 -0.308208
v -0.884898 -1.296207 -0.168549
v -0.705428 -1.333486 -0.072417
v -0.503155 -1.341247 -0.029220
v -0.297878 -1.318731 -0.043188
v -0.109691 -1.268140 -0.112953
v 0.042984 -1.194427 -0.231686
v 0.145202 -1.104808 -0.387765
v 0.186959 -1.008056 -0.565911
v 0.164165 -0.913640 -0.748687
v 0.079054 -0.830804 -0.918200
v -0.060045 -0.767655 -1.057859
v -0.239515 -0.730376 -1.153991
v -0.441789 -0.722615 -1.197188
v -0.647066 -0.745132 -1.183220
v -0.835252 -0.795723 -1.113455
v -0.987927 -0.869435 -0.994722
v -1.104686 -0.865601 -0.792795
v -1.146963 -0.963560 -0.612429
v -1.123885 -1.059152 -0.427375
v -1.037712 -1.143021 -0.255748
v -0.896880 -1.206957 -0.114348
v -0.715172 -1.244701 -0.017018
v -0.510377 -1.252559 0.026717
v -0.302542 -1.229761 0.012575
v -0.112009 -1.178540 -0.058059
v 0.042569 -1.103908 -0.178272
v 0.146061 -1.013172 -0.336297
v 0.188338 -0.915214 -0.516663
v 0.165261 -0.819621 -0.701717
v 0.079088 -0.735752 -0.873344
v -0.061745 -0.671817 -1.014743
v -0.243452 -0.634073 -1.112074
v -0.448247 -0.626215 -1.155809
v -0.656082 -0.649013 -1.141667
v -0.846615 -0.700234 -1.071033
v -1.001193 -0.774866 -0.950819
v -1.103827 -0.773966 -0.741327
v -1.145583 -0.870718 -0.563181
v -1.122790 -0.965134 -0.380405
v -1.037678 -1.047970 -0.210892
v -0.898579 -1.111119 -0.071233
v -0.719109 -1.148398 0.024900
v -0.516835 -1.156159 0.068096
v -0.311558 -1.133642 0.054128
v -0.123372 -1.083051 -0.015637
v 0.029303 -1.009338 -0.134370
v 0.131522 -0.919720 -0.290449
v 0.173278 -0.822967 -0.468595
v 0.150485 -0.728552 -0.651370
v 0.065373 -0.645715 -0.820884
v -0.073726 -0.582567 -0.960542
v -0.253196 -0.545287 -1.056675
v -0.455469 -0.537526 -1.099872
v -0.660746 -0.560043 -1.085904
v -0.848933 -0.610634 -1.016139
v -1.001608 -0.684347 -0.897406
v -1.087590 -0.686403 -0.685506
v -1.127798 -0.779567 -0.513967
v -1.105850 -0.870481 -0.337970
v -1.023895 -0.950245 -0.174743
v -0.889955 -1.011051 -0.040265
v -0.717141 -1.046948 0.052303
v -0.522369 -1.054421 0.093897
v -0.324706 -1.032740 0.080447
v -0.143499 -0.984025 0.013270
v 0.003514 -0.913046 -0.101060
v 0.101941 -0.826751 -0.251350
v 0.142149 -0.733587 -0.422889
v 0.120201 -0.642673 -0.598886
v 0.038246 -0.562909 -0.762112
v -0.095694 -0.502103 -0.896591
v -0.268508 -0.466206 -0.989158
v -0.463279 -0.458733 -1.030752
v -0.660943 -0.480415 -1.017303
v -0.842150 -0.529129 -0.950125
v -0.989162 -0.600108 -0.835796
v -1.056376 -0.605070 -0.626706
v -1.094045 -0.692351 -0.465998
v -1.073482 -0.777525 -0.301114
v -0.996702 -0.852253 -0.148193
v -0.871219 -0.909220 -0.022206
v -0.709317 -0.942850 0.064517
v -0.526843 -0.949851 0.103485
v -0.341660 -0.929538 0.090884
v -0.171894 -0.883900 0.027948
v -0.034164 -0.817403 -0.079162
v 0.058048 -0.736556 -0.219963
v 0.095717 -0.649274 -0.380671
v 0.075155 -0.564101 -0.545555
v -0.001625 -0.489373 -0.698476
v -0.127108 -0.432406 -0.824463
v -0.289011 -0.398776 -0.911186
v -0.471484 -0.391775 -0.950154
v -0.656667 -0.412088 -0.937553
v -0.826432 -0.457726 -0.874617
v -0.964162 -0.524223 -0.767507
v -1.010952 -0.531968 -0.566376
v -1.045155 -0.611218 -0.420456
v -1.026485 -0.688554 -0.270744
v -0.956769 -0.756406 -0.131895
v -0.842833 -0.808131 -0.017501
v -0.695829 -0.838666 0.061241
v -0.530146 -0.845024 0.096624
v -0.362004 -0.826580 0.085183
v -0.207860 -0.785141 0.028038
v -0.082803 -0.724763 -0.069216
v 0.000924 -0.651356 -0.197061
v 0.035127 -0.572105 -0.342981
v 0.016457 -0.494770 -0.492692
v -0.053259 -0.426918 -0.631541
v -0.167195 -0.375193 -0.745936
v -0.314199 -0.344658 -0.824678
v -0.479881 -0.338300 -0.860060
v -0.648024 -0.356744 -0.848619
v -0.802168 -0.398183 -0.791474
v -0.927224 -0.458561 -0.694220
v -0.952437 -0.468899 -0.506001
v -0.982332 -0.538166 -0.378462
v -0.966013 -0.605760 -0.247609
v -0.905080 -0.665064 -0.126251
v -0.805496 -0.710274 -0.026266
v -0.677010 -0.736963 0.042557
v -0.532198 -0.742519 0.073482
v -0.385236 -0.726399 0.063482
v -0.250509 -0.690180 0.013536
v -0.141206 -0.637407 -0.071467
v -0.068026 -0.573247 -0.183207
v -0.038131 -0.503980 -0.310746
v -0.054450 -0.436386 -0.441599
v -0.115383 -0.377082 -0.562957
v -0.214967 -0.331873 -0.662942
v -0.343453 -0.305183 -0.731765
v -0.488265 -0.299627 -0.762690
v -0.635227 -0.315748 -0.752690
v -0.769954 -0.351967 -0.702744
v -0.879257 -0.404739 -0.617741
v -0.882273 -0.417415 -0.447067
v -0.907123 -0.474993 -0.341050
v -0.893558 -0.531181 -0.232278
v -0.842907 -0.580478 -0.131398
v -0.760128 -0.618058 -0.048286
v -0.653323 -0.640244 0.008924
v -0.532947 -0.644863 0.034631
v -0.410785 -0.631462 0.026318
v -0.298793 -0.601355 -0.015200
v -0.207934 -0.557488 -0.085859
v -0.147102 -0.504155 -0.178744
v -0.122253 -0.446576 -0.284761
v -0.135817 -0.390388 -0.393533
v -0.186468 -0.341091 -0.494412
v -0.269248 -0.303511 -0.577525
v -0.376052 -0.281325 -0.634734
v -0.496428 -0.276707 -0.660441
v -0.618591 -0.290107 -0.652129
v -0.730583 -0.320214 -0.610611
v -0.821441 -0.364081 -0.539951
v -0.802186 -0.378783 -0.391026
v -0.821380 -0.423255 -0.309141
v -0.810903 -0.466653 -0.225128
v -0.771781 -0.504729 -0.147211
v -0.707844 -0.533755 -0.083017
v -0.625351 -0.550891 -0.038830
v -0.532376 -0.554458 -0.018975
v -0.438021 -0.544108 -0.025395
v -0.351521 -0.520854 -0.057463
v -0.281344 -0.486972 -0.112038
v -0.234359 -0.445779 -0.183780
v -0.215166 -0.401306 -0.265665
v -0.225643 -0.357908 -0.349677
v -0.264764 -0.319833 -0.427594
v -0.328701 -0.290806 -0.491788
v -0.411194 -0.273671 -0.535975
v -0.504169 -0.270104 -0.555831
v -0.598525 -0.280454 -0.549410
v -0.685025 -0.303708 -0.517343
v -0.755202 -0.337590 -0.462767
v -0.714150 -0.353955 -0.339258
v -0.727214 -0.384226 -0.283521
v -0.720083 -0.413766 -0.226336
v -0.693454 -0.439683 -0.173301
v -0.649934 -0.459440 -0.129606
v -0.593783 -0.471103 -0.099529
v -0.530498 -0.473532 -0.086014
v -0.466273 -0.466487 -0.090384
v -0.407396 -0.450658 -0.112212
v -0.359628 -0.427596 -0.149359
v -0.327647 -0.399557 -0.198192
v -0.314583 -0.369286 -0.253928
v -0.321715 -0.339747 -0.311113
v -0.348343 -0.313830 -0.364148
v -0.391863 -0.294072 -0.407843
v -0.448014 -0.282409 -0.437920
v -0.511299 -0.279981 -0.451435
v -0.575524 -0.287026 -0.447065
v -0.634401 -0.302854 -0.425238
v -0.682168 -0.325916 -0.388090
v -0.620330 -0.343543 -0.293037
v -0.626944 -0.358867 -0.264821
v -0.623334 -0.373821 -0.235872
v -0.609853 -0.386941 -0.209024
v -0.587822 -0.396942 -0.186904
v -0.559397 -0.402847 -0.171678
v -0.527360 -0.404076 -0.164836
v -0.494847 -0.400510 -0.167049
v -0.465042 -0.392497 -0.178098
v -0.440860 -0.380822 -0.196904
v -0.424670 -0.366628 -0.221624
v -0.418057 -0.351304 -0.249840
v -0.421667 -0.336350 -0.278789
v -0.435147 -0.323230 -0.305637
v -0.457178 -0.313228 -0.327757
v -0.485604 -0.307324 -0.342983
v -0.517641 -0.306094 -0.349824
v -0.550153 -0.309661 -0.347612
v -0.579959 -0.317674 -0.336562
v -0.604140 -0.329348 -0.317757
v -0.435585 -1.530972 -0.875591
v -0.523039 -0.347802 -0.253501
v 1.013003 -1.062675 -0.883688
v 1.006390 -1.077999 -0.855472
v 1.010000 -1.092953 -0.826523
v 1.023480 -1.106073 -0.799675
v 1.045511 -1.116075 -0.777555
v 1.073937 -1.121979 -0.762329
v 1.105974 -1.123209 -0.755488
v 1.138486 -1.119642 -0.757700
v 1.168292 -1.111630 -0.768750
v 1.192473 -1.099955 -0.787555
v 1.208663 -1.085760 -0.812276
v 1.215277 -1.070436 -0.840491
v 1.211667 -1.055482 -0.869440
v 1.198186 -1.042362 -0.896288
v 1.176155 -1.032361 -0.918408
v 1.147730 -1.026456 -0.933634
v 1.115693 -1.025227 -0.940476
v 1.083180 -1.028793 -0.938263
v 1.053374 -1.036806 -0.927214
v 1.029193 -1.048481 -0.908408
v 0.915980 -1.029746 -0.907121
v 0.902916 -1.060017 -0.851384
v 0.910047 -1.089557 -0.794199
v 0.936676 -1.115473 -0.741164
v 0.980196 -1.135231 -0.697469
v 1.036347 -1.146894 -0.667392
v 1.099632 -1.149322 -0.653877
v 1.163857 -1.142278 -0.658247
v 1.222734 -1.126449 -0.680075
v 1.270501 -1.103387 -0.717223
v 1.302482 -1.075348 -0.766055
v 1.315547 -1.045077 -0.821791
v 1.308415 -1.015537 -0.878976
v 1.281786 -0.989620 -0.932011
v 1.238267 -0.969863 -0.975706
v 1.182116 -0.958200 -1.005783
v 1.118831 -0.955771 -1.019298
v 1.054606 -0.962816 -1.014928
v 0.995729 -0.978645 -0.993101
v 0.947961 -1.001707 -0.955953
v 0.822692 -0.983524 -0.921532
v 0.803498 -1.027997 -0.839648
v 0.813976 -1.071395 -0.755635
v 0.853097 -1.109470 -0.677718
v 0.917034 -1.138497 -0.613524
v 0.999527 -1.155632 -0.569337
v 1.092502 -1.159199 -0.549481
v 1.186858 -1.148850 -0.555902
v 1.273357 -1.125595 -0.587969
v 1.343535 -1.091714 -0.642545
v 1.390519 -1.050520 -0.714286
v 1.409713 -1.006048 -0.796171
v 1.399236 -0.962650 -0.880184
v 1.360114 -0.924574 -0.958101
v 1.296177 -0.895548 -1.022295
v 1.213684 -0.878413 -1.066482
v 1.120709 -0.874845 -1.086337
v 1.026354 -0.885195 -1.079917
v 0.939854 -0.908449 -1.047850
v 0.869677 -0.942331 -0.993274
v 0.735435 -0.925148 -0.926568
v 0.710585 -0.982727 -0.820552
v 0.724150 -1.038915 -0.711779
v 0.774801 -1.088212 -0.610900
v 0.857581 -1.125792 -0.527787
v 0.964385 -1.147978 -0.470578
v 1.084761 -1.152596 -0.444871
v 1.206924 -1.139196 -0.453184
v 1.318915 -1.109089 -0.494702
v 1.409774 -1.065222 -0.565361
v 1.470606 -1.011888 -0.658245
v 1.495456 -0.954310 -0.764262
v 1.481891 -0.898122 -0.873034
v 1.431240 -0.848825 -0.973914
v 1.348460 -0.811245 -1.057026
v 1.241656 -0.789059 -1.114236
v 1.121280 -0.784441 -1.139943
v 0.999117 -0.797841 -1.131630
v 0.887125 -0.827948 -1.090112
v 0.796267 -0.871815 -1.019453
v 0.656358 -0.856056 -0.922105
v 0.626464 -0.925323 -0.794566
v 0.642782 -0.992917 -0.663713
v 0.703716 -1.052221 -0.542355
v 0.803299 -1.097431 -0.442370
v 0.931786 -1.124120 -0.373547
v 1.076598 -1.129676 -0.342622
v 1.223560 -1.113556 -0.352622
v 1.358287 -1.077337 -0.402568
v 1.467590 -1.024564 -0.487572
v 1.540770 -0.960404 -0.599312
v 1.570664 -0.891137 -0.726850
v 1.554346 -0.823543 -0.857703
v 1.493413 -0.764239 -0.979061
v 1.393829 -0.719029 -1.079046
v 1.265343 -0.692340 -1.147869
v 1.120531 -0.686784 -1.178794
v 0.973569 -0.702904 -1.168794
v 0.838842 -0.739123 -1.118848
v 0.729539 -0.791896 -1.033845
v 0.587409 -0.777947 -0.908252
v 0.553206 -0.857198 -0.762332
v 0.571876 -0.934533 -0.612620
v 0.641591 -1.002385 -0.473771
v 0.755528 -1.054110 -0.359376
v 0.902532 -1.084646 -0.280634
v 1.068214 -1.091003 -0.245252
v 1.236357 -1.072559 -0.256693
v 1.390501 -1.031120 -0.313838
v 1.515557 -0.970742 -0.411092
v 1.599284 -0.897335 -0.538936
v 1.633487 -0.818085 -0.684856
v 1.614817 -0.740749 -0.834568
v 1.545102 -0.672897 -0.973417
v 1.431166 -0.621172 -1.087811
v 1.284162 -0.590637 -1.166554
v 1.118479 -0.584280 -1.201936
v 0.950337 -0.602723 -1.190495
v 0.796193 -0.644162 -1.133350
v 0.671137 -0.704541 -1.036096
v 0.530284 -0.692747 -0.885349
v 0.492615 -0.780029 -0.724641
v 0.513178 -0.865202 -0.559757
v 0.589958 -0.939930 -0.406837
v 0.715441 -0.996897 -0.280849
v 0.877343 -1.030527 -0.194126
v 1.059817 -1.037529 -0.155158
v 1.245000 -1.017216 -0.167759
v 1.414765 -0.971577 -0.230695
v 1.552495 -0.905080 -0.337806
v 1.644708 -0.824233 -0.478606
v 1.682377 -0.736952 -0.639314
v 1.661815 -0.651778 -0.804198
v 1.585035 -0.577051 -0.957119
v 1.459552 -0.520084 -1.083106
v 1.297649 -0.486453 -1.169829
v 1.115176 -0.479452 -1.208797
v 0.929993 -0.499765 -1.196196
v 0.760227 -0.545403 -1.133261
v 0.622497 -0.611901 -1.026150
v 0.486391 -0.602552 -0.853963
v 0.446184 -0.695716 -0.682423
v 0.468132 -0.786630 -0.506427
v 0.550087 -0.866394 -0.343200
v 0.684027 -0.927200 -0.208721
v 0.856841 -0.963097 -0.116154
v 1.051612 -0.970570 -0.074560
v 1.249276 -0.948889 -0.088009
v 1.430483 -0.900174 -0.155187
v 1.577495 -0.829195 -0.269516
v 1.675923 -0.742900 -0.419806
v 1.716130 -0.649736 -0.591345
v 1.694182 -0.558822 -0.767342
v 1.612227 -0.479058 -0.930569
v 1.478287 -0.418252 -1.065048
v 1.305473 -0.382355 -1.157615
v 1.110702 -0.374882 -1.199209
v 0.913038 -0.396564 -1.185759
v 0.731832 -0.445278 -1.118582
v 0.584819 -0.516257 -1.004252
v 0.456811 -0.509583 -0.814864
v 0.415055 -0.606336 -0.636717
v 0.437848 -0.700751 -0.453942
v 0.522960 -0.783588 -0.284428
v 0.662059 -0.846736 -0.144769
v 0.841529 -0.884016 -0.048637
v 1.043802 -0.891777 -0.005440
v 1.249079 -0.869260 -0.019408
v 1.437266 -0.818669 -0.089173
v 1.589941 -0.744956 -0.207906
v 1.692159 -0.655337 -0.363985
v 1.733916 -0.558585 -0.542131
v 1.711122 -0.464169 -0.724907
v 1.626011 -0.381333 -0.894421
v 1.486912 -0.318185 -1.034079
v 1.307442 -0.280905 -1.130212
v 1.105168 -0.273144 -1.173408
v 0.899891 -0.295661 -1.159440
v 0.711705 -0.346252 -1.089675
v 0.559030 -0.419965 -0.970942
v 0.442271 -0.416131 -0.769016
v 0.399994 -0.514089 -0.588649
v 0.423072 -0.609682 -0.403595
v 0.509245 -0.693551 -0.231968
v 0.650077 -0.757486 -0.090569
v 0.831785 -0.795231 0.006762
v 1.036580 -0.803088 0.050497
v 1.244415 -0.780291 0.036355
v 1.434948 -0.729069 -0.034280
v 1.589526 -0.654438 -0.154493
v 1.693018 -0.563702 -0.312517
v 1.735295 -0.465743 -0.492884
v 1.712218 -0.370151 -0.677938
v 1.626045 -0.286282 -0.849564
v 1.485212 -0.222346 -0.990964
v 1.303505 -0.184602 -1.088294
v 1.098710 -0.176744 -1.132029
v 0.890874 -0.199542 -1.117887
v 0.700342 -0.250763 -1.047253
v 0.545764 -0.325395 -0.927040
v 0.443130 -0.324495 -0.717547
v 0.401374 -0.421248 -0.539401
v 0.424167 -0.515663 -0.356625
v 0.509279 -0.598499 -0.187112
v 0.648378 -0.661648 -0.047453
v 0.827848 -0.698927 0.048679
v 1.030122 -0.706688 0.091876
v 1.235399 -0.684171 0.077908
v 1.423585 -0.633581 0.008143
v 1.576260 -0.559868 -0.110590
v 1.678479 -0.470249 -0.266669
v 1.720235 -0.373496 -0.444815
v 1.697442 -0.279081 -0.627591
v 1.612330 -0.196245 -0.797104
v 1.473231 -0.133096 -0.936763
v 1.293761 -0.095817 -1.032895
v 1.091487 -0.088056 -1.076092
v 0.886211 -0.110573 -1.062124
v 0.698024 -0.161163 -0.992359
v 0.545349 -0.234876 -0.873626
v 0.459367 -0.236932 -0.661726
v 0.419159 -0.330096 -0.490187
v 0.441107 -0.421010 -0.314190
v 0.523062 -0.500774 -0.150963
v 0.657002 -0.561581 -0.016485
v 0.829816 -0.597478 0.076082
v 1.024588 -0.604951 0.117677
v 1.222251 -0.583269 0.104227
v 1.403458 -0.534554 0.037049
v 1.550471 -0.463575 -0.077280
v 1.648898 -0.377280 -0.227570
v 1.689106 -0.284116 -0.399109
v 1.667158 -0.193203 -0.575106
v 1.585203 -0.113439 -0.738332
v 1.451263 -0.052632 -0.872811
v 1.278449 -0.016735 -0.965378
v 1.083677 -0.009262 -1.006973
v 0.886014 -0.030944 -0.993523
v 0.704807 -0.079659 -0.926345
v 0.557795 -0.150637 -0.812016
v 0.490581 -0.155599 -0.602926
v 0.452912 -0.242881 -0.442218
v 0.473475 -0.328054 -0.277334
v 0.550255 -0.402782 -0.124414
v 0.675738 -0.459749 0.001574
v 0.837640 -0.493379 0.088297
v 1.020114 -0.500381 0.127265
v 1.205297 -0.480068 0.114664
v 1.375062 -0.434429 0.051728
v 1.512792 -0.367932 -0.055383
v 1.605005 -0.287085 -0.196183
v 1.642674 -0.199804 -0.356891
v 1.622112 -0.114630 -0.521775
v 1.545332 -0.039903 -0.674696
v 1.419849 0.017064 -0.800683
v 1.257946 0.050695 -0.887406
v 1.075473 0.057696 -0.926374
v 0.890290 0.037383 -0.913773
v 0.720524 -0.008256 -0.850838
v 0.582794 -0.074753 -0.743727
v 0.536005 -0.082498 -0.542596
v 0.501802 -0.161748 -0.396676
v 0.520472 -0.239084 -0.246965
v 0.590188 -0.306935 -0.108116
v 0.704124 -0.358660 0.006279
v 0.851128 -0.389196 0.085021
v 1.016811 -0.395553 0.120404
v 1.184953 -0.377109 0.108962
v 1.339097 -0.335670 0.051818
v 1.464153 -0.275292 -0.045437
v 1.547881 -0.201885 -0.173281
v 1.582083 -0.122635 -0.319201
v 1.563414 -0.045299 -0.468913
v 1.493698 0.022552 -0.607761
v 1.379762 0.074277 -0.722156
v 1.232758 0.104813 -0.800898
v 1.067075 0.111170 -0.836281
v 0.898933 0.092727 -0.824839
v 0.744789 0.051287 -0.767695
v 0.619733 -0.009091 -0.670440
v 0.594520 -0.019428 -0.482221
v 0.564625 -0.088696 -0.354682
v 0.580943 -0.156290 -0.223829
v 0.641877 -0.215594 -0.102471
v 0.741461 -0.260803 -0.002487
v 0.869947 -0.287492 0.066337
v 1.014759 -0.293049 0.097262
v 1.161721 -0.276928 0.087262
v 1.296448 -0.240709 0.037316
v 1.405751 -0.187937 -0.047688
v 1.478931 -0.123777 -0.159428
v 1.508826 -0.054510 -0.286966
v 1.492507 0.013084 -0.417819
v 1.431574 0.072389 -0.539177
v 1.331990 0.117598 -0.639162
v 1.203504 0.144287 -0.707985
v 1.058692 0.149844 -0.738910
v 0.911730 0.133723 -0.728910
v 0.777003 0.097504 -0.678964
v 0.667700 0.044732 -0.593961
v 0.664684 0.032056 -0.423287
v 0.639834 -0.025523 -0.317270
v 0.653399 -0.081710 -0.208498
v 0.704050 -0.131007 -0.107619
v 0.786829 -0.168588 -0.024506
v 0.893634 -0.190773 0.032704
v 1.014010 -0.195392 0.058410
v 1.136172 -0.181992 0.050098
v 1.248164 -0.151885 0.008580
v 1.339023 -0.108017 -0.062080
v 1.399855 -0.054684 -0.154964
v 1.424704 0.002895 -0.260981
v 1.411140 0.059082 -0.369753
v 1.360489 0.108379 -0.470632
v 1.277709 0.145960 -0.553745
v 1.170904 0.168145 -0.610954
v 1.050529 0.172764 -0.636661
v 0.928366 0.159364 -0.628349
v 0.816374 0.129257 -0.586831
v 0.725516 0.085389 -0.516171
v 0.744770 0.070688 -0.367246
v 0.725577 0.026215 -0.285361
v 0.736054 -0.017183 -0.201348
v 0.775176 -0.055258 -0.123432
v 0.839113 -0.084285 -0.059238
v 0.921606 -0.101420 -0.015050
v 1.014581 -0.104987 0.004805
v 1.108936 -0.094637 -0.001616
v 1.195436 -0.071383 -0.033683
v 1.265613 -0.037501 -0.088259
v 1.312598 0.003692 -0.160000
v 1.331791 0.048164 -0.241885
v 1.321314 0.091562 -0.325898
v 1.282193 0.129638 -0.403814
v 1.218256 0.158664 -0.468008
v 1.135762 0.175800 -0.512196
v 1.042788 0.179367 -0.532051
v 0.948432 0.169017 -0.525631
v 0.861932 0.145763 -0.493563
v 0.791755 0.111881 -0.438988
v 0.832807 0.095516 -0.315478
v 0.819743 0.065245 -0.259741
v 0.826874 0.035705 -0.202557
v 0.853503 0.009788 -0.149521
v 0.897023 -0.009969 -0.105826
v 0.953174 -0.021633 -0.075749
v 1.016459 -0.024061 -0.062234
v 1.080683 -0.017016 -0.066605
v 1.139561 -0.001188 -0.088432
v 1.187329 0.021875 -0.125580
v 1.219310 0.049914 -0.174412
v 1.232374 0.080184 -0.230148
v 1.225242 0.109724 -0.287333
v 1.198614 0.135641 -0.340369
v 1.155094 0.155398 -0.384063
v 1.098943 0.167062 -0.414140
v 1.035658 0.169490 -0.427655
v 0.971433 0.162445 -0.423285
v 0.912556 0.146617 -0.401458
v 0.864788 0.123554 -0.364310
v 0.926627 0.105928 -0.269257
v 0.920013 0.090604 -0.241041
v 0.923623 0.075650 -0.212092
v 0.937104 0.062530 -0.185244
v 0.959135 0.052528 -0.163124
v 0.987560 0.046624 -0.147898
v 1.019597 0.045394 -0.141057
v 1.052110 0.048961 -0.143269
v 1.081915 0.056974 -0.154319
v 1.106097 0.068649 -0.173124
v 1.122287 0.082843 -0.197845
v 1.128900 0.098167 -0.226060
v 1.125290 0.113121 -0.255009
v 1.111810 0.126241 -0.281857
v 1.089779 0.136243 -0.303977
v 1.061353 0.142147 -0.319203
v 1.029316 0.143376 -0.326045
v 0.996804 0.139810 -0.323832
v 0.966998 0.131797 -0.312783
v 0.942817 0.120122 -0.293977
v 1.111372 -1.081501 -0.851811
v 1.023918 0.101669 -0.229721
v -0.125017 -1.200094 0.851888
v -0.131630 -1.215419 0.880104
v -0.128020 -1.230372 0.909053
v -0.114540 -1.243493 0.935901
v -0.092509 -1.253494 0.958021
v -0.064083 -1.259399 0.973247
v -0.032046 -1.260628 0.980088
v 0.000466 -1.257062 0.977876
v 0.030272 -1.249049 0.966826
v 0.054453 -1.237374 0.948021
v 0.070643 -1.223180 0.923300
v 0.077257 -1.207856 0.895085
v 0.073647 -1.192902 0.866136
v 0.060166 -1.179782 0.839288
v 0.038135 -1.169780 0.817168
v 0.009710 -1.163875 0.801942
v -0.022327 -1.162646 0.795100
v -0.054840 -1.166212 0.797313
v -0.084646 -1.174225 0.808362
v -0.108827 -1.185900 0.827168
v -0.222039 -1.167165 0.828455
v -0.235104 -1.197436 0.884192
v -0.227973 -1.226976 0.941377
v -0.201344 -1.252893 0.994412
v -0.157824 -1.272650 1.038107
v -0.101673 -1.284314 1.068184
v -0.038388 -1.286742 1.081699
v 0.025837 -1.279697 1.077329
v 0.084714 -1.263869 1.055501
v 0.132482 -1.240806 1.018354
v 0.164463 -1.212767 0.969521
v 0.177527 -1.182496 0.913785
v 0.170396 -1.152957 0.856600
v 0.143767 -1.127040 0.803565
v 0.100247 -1.107283 0.759870
v 0.044097 -1.095619 0.729793
v -0.019189 -1.093191 0.716278
v -0.083413 -1.100236 0.720648
v -0.142291 -1.116064 0.742476
v -0.190058 -1.139126 0.779623
v -0.315328 -1.120944 0.814044
v -0.334521 -1.165416 0.895929
v -0.324044 -1.208814 0.979941
v -0.284923 -1.246890 1.057858
v -0.220986 -1.275916 1.122052
v -0.138492 -1.293051 1.166239
v -0.045517 -1.296619 1.186095
v 0.048838 -1.286269 1.179674
v 0.135338 -1.263015 1.147607
v 0.205515 -1.229133 1.093031
v 0.252499 -1.187939 1.021290
v 0.271693 -1.143467 0.939405
v 0.261216 -1.100069 0.855392
v 0.222094 -1.061994 0.777475
v 0.158157 -1.032967 0.713281
v 0.075664 -1.015832 0.669094
v -0.017311 -1.012265 0.649239
v -0.111666 -1.022614 0.655659
v -0.198166 -1.045868 0.687727
v -0.268343 -1.079750 0.742302
v -0.402585 -1.062568 0.809008
v -0.427434 -1.120146 0.915025
v -0.413870 -1.176334 1.023797
v -0.363219 -1.225631 1.124676
v -0.280439 -1.263212 1.207789
v -0.173634 -1.285397 1.264998
v -0.053259 -1.290016 1.290705
v 0.068904 -1.276616 1.282393
v 0.180896 -1.246508 1.240875
v 0.271755 -1.202641 1.170215
v 0.332586 -1.149308 1.077331
v 0.357436 -1.091729 0.971314
v 0.343871 -1.035541 0.862542
v 0.293220 -0.986244 0.761662
v 0.210441 -0.948664 0.678550
v 0.103636 -0.926479 0.621340
v -0.016740 -0.921860 0.595633
v -0.138902 -0.935260 0.603946
v -0.250894 -0.965367 0.645464
v -0.341753 -1.009234 0.716123
v -0.481662 -0.993475 0.813471
v -0.511556 -1.062742 0.941010
v -0.495238 -1.130336 1.071863
v -0.434304 -1.189641 1.193221
v -0.334720 -1.234850 1.293205
v -0.206234 -1.261539 1.362029
v -0.061422 -1.267095 1.392954
v 0.085540 -1.250975 1.382954
v 0.220267 -1.214756 1.333008
v 0.329570 -1.161983 1.248004
v 0.402750 -1.097823 1.136264
v 0.432645 -1.028556 1.008726
v 0.416326 -0.960962 0.877873
v 0.355393 -0.901658 0.756515
v 0.255809 -0.856449 0.656530
v 0.127323 -0.829760 0.587707
v -0.017489 -0.824203 0.556782
v -0.164451 -0.840324 0.566782
v -0.299178 -0.876543 0.616728
v -0.408481 -0.929315 0.701731
v -0.550611 -0.915367 0.827325
v -0.584814 -0.994617 0.973244
v -0.566144 -1.071953 1.122956
v -0.496428 -1.139804 1.261805
v -0.382492 -1.191529 1.376200
v -0.235488 -1.222065 1.454942
v -0.069805 -1.228422 1.490324
v 0.098337 -1.209978 1.478883
v 0.252481 -1.168539 1.421739
v 0.377537 -1.108161 1.324484
v 0.461265 -1.034754 1.196640
v 0.495467 -0.955504 1.050720
v 0.476797 -0.878168 0.901008
v 0.407082 -0.810317 0.762159
v 0.293146 -0.758592 0.647765
v 0.146142 -0.728056 0.569023
v -0.019541 -0.721699 0.533640
v -0.187683 -0.740143 0.545081
v -0.341827 -0.781582 0.602226
v -0.466883 -0.841960 0.699480
v -0.607735 -0.830166 0.850227
v -0.645404 -0.917448 1.010935
v -0.624842 -1.002621 1.175819
v -0.548062 -1.077349 1.328740
v -0.422579 -1.134316 1.454727
v -0.260676 -1.167947 1.541450
v -0.078203 -1.174948 1.580418
v 0.106980 -1.154635 1.567817
v 0.276746 -1.108996 1.504881
v 0.414476 -1.042499 1.397771
v 0.506689 -0.961653 1.256970
v 0.544357 -0.874371 1.096262
v 0.523795 -0.789198 0.931378
v 0.447015 -0.714470 0.778457
v 0.321532 -0.657503 0.652470
v 0.159630 -0.623873 0.565747
v -0.022844 -0.616871 0.526779
v -0.208027 -0.637184 0.539380
v -0.377792 -0.682823 0.602316
v -0.515522 -0.749320 0.709426
v -0.651628 -0.739971 0.881614
v -0.691836 -0.833135 1.053153
v -0.669888 -0.924049 1.229149
v -0.587933 -1.003813 1.392376
v -0.453993 -1.064620 1.526855
v -0.281179 -1.100516 1.619422
v -0.086407 -1.107990 1.661016
v 0.111256 -1.086308 1.647567
v 0.292463 -1.037593 1.580389
v 0.439475 -0.966614 1.466060
v 0.537903 -0.880319 1.315770
v 0.578111 -0.787155 1.144231
v 0.556163 -0.696241 0.968234
v 0.474207 -0.616477 0.805007
v 0.340268 -0.555671 0.670528
v 0.167454 -0.519774 0.577961
v -0.027318 -0.512301 0.536367
v -0.224981 -0.533983 0.549817
v -0.406188 -0.582697 0.616994
v -0.553201 -0.653676 0.731324
v -0.681209 -0.647003 0.920712
v -0.722965 -0.743755 1.098859
v -0.700172 -0.838171 1.281634
v -0.615060 -0.921007 1.451148
v -0.475961 -0.984156 1.590807
v -0.296491 -1.021435 1.686939
v -0.094217 -1.029196 1.730136
v 0.111060 -1.006679 1.716168
v 0.299246 -0.956088 1.646403
v 0.451921 -0.882376 1.527670
v 0.554140 -0.792757 1.371591
v 0.595896 -0.696004 1.193445
v 0.573103 -0.601589 1.010669
v 0.487991 -0.518752 0.841155
v 0.348892 -0.455604 0.701497
v 0.169422 -0.418324 0.605365
v -0.032852 -0.410563 0.562168
v -0.238129 -0.433080 0.576136
v -0.426315 -0.483671 0.645901
v -0.578990 -0.557384 0.764634
v -0.695749 -0.553550 0.966560
v -0.738025 -0.651509 1.146927
v -0.714948 -0.747101 1.331981
v -0.628775 -0.830970 1.503608
v -0.487942 -0.894906 1.645007
v -0.306235 -0.932650 1.742338
v -0.101440 -0.940508 1.786073
v 0.106396 -0.917710 1.771931
v 0.296928 -0.866488 1.701296
v 0.451506 -0.791857 1.581083
v 0.554999 -0.701121 1.423059
v 0.597275 -0.603162 1.242692
v 0.574198 -0.507570 1.057638
v 0.488025 -0.423701 0.886012
v 0.347192 -0.359765 0.744612
v 0.165485 -0.322021 0.647282
v -0.039310 -0.314164 0.603547
v -0.247145 -0.336961 0.617689
v -0.437677 -0.388183 0.688323
v -0.592255 -0.462814 0.808536
v -0.694890 -0.461914 1.018029
v -0.736646 -0.558667 1.196175
v -0.713853 -0.653082 1.378951
v -0.628741 -0.735919 1.548464
v -0.489642 -0.799067 1.688123
v -0.310172 -0.836347 1.784255
v -0.107898 -0.844108 1.827452
v 0.097379 -0.821591 1.813484
v 0.285565 -0.771000 1.743719
v 0.438240 -0.697287 1.624986
v 0.540459 -0.607668 1.468907
v 0.582215 -0.510916 1.290761
v 0.559422 -0.416500 1.107985
v 0.474310 -0.333664 0.938472
v 0.335211 -0.270515 0.798813
v 0.155741 -0.233236 0.702681
v -0.046532 -0.225475 0.659484
v -0.251809 -0.247992 0.673452
v -0.439996 -0.298583 0.743217
v -0.592671 -0.372295 0.861950
v -0.678653 -0.374352 1.073850
v -0.718861 -0.467516 1.245389
v -0.696913 -0.558430 1.421386
v -0.614957 -0.638194 1.584613
v -0.481017 -0.699000 1.719091
v -0.308204 -0.734897 1.811659
v -0.113432 -0.742370 1.853253
v 0.084232 -0.720688 1.839803
v 0.265438 -0.671974 1.772625
v 0.412451 -0.600995 1.658296
v 0.510878 -0.514700 1.508006
v 0.551086 -0.421536 1.336467
v 0.529138 -0.330622 1.160470
v 0.447183 -0.250858 0.997244
v 0.313243 -0.190051 0.862765
v 0.140429 -0.154155 0.770198
v -0.054342 -0.146681 0.728603
v -0.252006 -0.168363 0.742053
v -0.433213 -0.217078 0.809231
v -0.580225 -0.288057 0.923560
v -0.647438 -0.293018 1.132650
v -0.685107 -0.380300 1.293358
v -0.664545 -0.465474 1.458242
v -0.587765 -0.540201 1.611163
v -0.462282 -0.597168 1.737150
v -0.300379 -0.630799 1.823873
v -0.117906 -0.637800 1.862841
v 0.067277 -0.617487 1.850240
v 0.237043 -0.571848 1.787304
v 0.374773 -0.505351 1.680194
v 0.466986 -0.424505 1.539393
v 0.504655 -0.337223 1.378685
v 0.484092 -0.252050 1.213801
v 0.407312 -0.177322 1.060880
v 0.281829 -0.120355 0.934893
v 0.119927 -0.086725 0.848170
v -0.062547 -0.079723 0.809202
v -0.247730 -0.100036 0.821803
v -0.417495 -0.145675 0.884739
v -0.555225 -0.212172 0.991849
v -0.602015 -0.219917 1.192980
v -0.636217 -0.299167 1.338900
v -0.617547 -0.376503 1.488612
v -0.547832 -0.444354 1.627460
v -0.433896 -0.496079 1.741855
v -0.286892 -0.526615 1.820597
v -0.121209 -0.532972 1.855980
v 0.046933 -0.514528 1.844538
v 0.201077 -0.473089 1.787394
v 0.326134 -0.412711 1.690139
v 0.409861 -0.339304 1.562295
v 0.444064 -0.260054 1.416375
v 0.425394 -0.182718 1.266663
v 0.355679 -0.114867 1.127815
v 0.241742 -0.063142 1.013420
v 0.094738 -0.032606 0.934678
v -0.070944 -0.026249 0.899295
v -0.239087 -0.044693 0.910737
v -0.393231 -0.086132 0.967881
v -0.518287 -0.146510 1.065136
v -0.543500 -0.156848 1.253355
v -0.573394 -0.226115 1.380894
v -0.557076 -0.293709 1.511747
v -0.496143 -0.353013 1.633105
v -0.396559 -0.398222 1.733090
v -0.268073 -0.424912 1.801913
v -0.123261 -0.430468 1.832838
v 0.023701 -0.414347 1.822838
v 0.158428 -0.378128 1.772892
v 0.267731 -0.325356 1.687889
v 0.340912 -0.261196 1.576148
v 0.370806 -0.191929 1.448610
v 0.354488 -0.124335 1.317757
v 0.293554 -0.065031 1.196399
v 0.193970 -0.019821 1.096414
v 0.065484 0.006868 1.027591
v -0.079328 0.012424 0.996666
v -0.226290 -0.003696 1.006666
v -0.361016 -0.039915 1.056612
v -0.470320 -0.092688 1.141615
v -0.473336 -0.105363 1.312289
v -0.498186 -0.162942 1.418306
v -0.484621 -0.219130 1.527078
v -0.433970 -0.268427 1.627958
v -0.351191 -0.306007 1.711070
v -0.244386 -0.328193 1.768280
v -0.124010 -0.332811 1.793986
v -0.001847 -0.319411 1.785674
v 0.110145 -0.289304 1.744156
v 0.201003 -0.245436 1.673496
v 0.261835 -0.192103 1.580612
v 0.286685 -0.134525 1.474595
v 0.273120 -0.078337 1.365823
v 0.222469 -0.029040 1.264944
v 0.139689 0.008541 1.181831
v 0.032885 0.030726 1.124621
v -0.087491 0.035345 1.098915
v -0.209653 0.021945 1.107227
v -0.321645 -0.008163 1.148745
v -0.412504 -0.052030 1.219405
v -0.393249 -0.066732 1.368330
v -0.412443 -0.111204 1.450215
v -0.401966 -0.154602 1.534228
v -0.362844 -0.192678 1.612144
v -0.298907 -0.221704 1.676338
v -0.216414 -0.238839 1.720526
v -0.123439 -0.242406 1.740381
v -0.029084 -0.232057 1.733961
v 0.057416 -0.208803 1.701893
v 0.127593 -0.174921 1.647318
v 0.174578 -0.133727 1.575576
v 0.193771 -0.089255 1.493691
v 0.183294 -0.045857 1.409678
v 0.144173 -0.007781 1.331762
v 0.080236 0.021245 1.267568
v -0.002257 0.038380 1.223380
v -0.095232 0.041948 1.203525
v -0.189588 0.031598 1.209945
v -0.276087 0.008344 1.242013
v -0.346264 -0.025538 1.296589
v -0.305212 -0.041904 1.420098
v -0.318277 -0.072175 1.475835
v -0.311145 -0.101714 1.533020
v -0.284517 -0.127631 1.586055
v -0.240997 -0.147389 1.629750
v -0.184846 -0.159052 1.659827
v -0.121561 -0.161480 1.673342
v -0.057336 -0.154435 1.668972
v 0.001541 -0.138607 1.647144
v 0.049309 -0.115545 1.609996
v 0.081290 -0.087506 1.561164
v 0.094354 -0.057235 1.505428
v 0.087223 -0.027695 1.448243
v 0.060594 -0.001778 1.395207
v 0.017074 0.017979 1.351513
v -0.039077 0.029642 1.321436
v -0.102362 0.032071 1.307921
v -0.166586 0.025026 1.312291
v -0.225464 0.009198 1.334118
v -0.273231 -0.013865 1.371266
v -0.211393 -0.031491 1.466319
v -0.218007 -0.046815 1.494535
v -0.214397 -0.061769 1.523484
v -0.200916 -0.074889 1.550332
v -0.178885 -0.084891 1.572452
v -0.150460 -0.090796 1.587678
v -0.118423 -0.092025 1.594519
v -0.085910 -0.088459 1.592307
v -0.056104 -0.080446 1.581257
v -0.031923 -0.068771 1.562452
v -0.015733 -0.054577 1.537732
v -0.009120 -0.039252 1.509516
v -0.012730 -0.024298 1.480567
v -0.026210 -0.011178 1.453719
v -0.048241 -0.001177 1.431599
v -0.076667 0.004728 1.416373
v -0.108704 0.005957 1.409531
v -0.141216 0.002391 1.411744
v -0.171022 -0.005622 1.422793
v -0.195203 -0.017297 1.441599
v -0.026648 -1.218920 0.883765
v -0.114102 -0.035750 1.505855