v -11.200445 -1.944937 -11.030285
v -8.960356 -1.944937 -11.030285
v -6.720267 -1.944937 -11.030285
v -4.480178 -1.944937 -11.030285
v -2.240089 -1.944937 -11.030285
v 0.000000 -1.944937 -11.030285
v 2.240090 -1.944937 -11.030285
v 4.480178 -1.944937 -11.030285
v 6.720267 -1.944937 -11.030285
v 8.960357 -1.944937 -11.030285
v 11.200445 -1.944937 -11.030285
v -11.200445 -1.555951 -8.824228
v -8.960356 -1.555951 -8.824228
v -6.720267 -1.555951 -8.824228
v -4.480178 -1.555951 -8.824228
v -2.240089 -1.555951 -8.824228
v 0.000000 -1.555951 -8.824228
v 2.240090 -1.555951 -8.824228
v 4.480178 -1.555951 -8.824228
v 6.720267 -1.555951 -8.824228
v 8.960357 -1.555951 -8.824228
v 11.200445 -1.555951 -8.824228
v -11.200445 -1.166960 -6.618171
v -8.960356 -1.166960 -6.618171
v -6.720267 -1.166960 -6.618171
v -4.480178 -1.166960 -6.618171
v -2.240089 -1.166960 -6.618171
v 0.000000 -1.166960 -6.618171
v 2.240090 -1.166960 -6.618171
v 4.480178 -1.166960 -6.618171
v 6.720267 -1.166960 -6.618171
v 8.960357 -1.166960 -6.618171
v 11.200445 -1.166960 -6.618171
v -11.200445 -0.777975 -4.412114
v -8.960356 -0.777975 -4.412114
v -6.720267 -0.777975 -4.412114
v -4.480178 -0.777975 -4.412114
v -2.240089 -0.777975 -4.412114
v 0.000000 -0.777975 -4.412114
v 2.240090 -0.777975 -4.412114
v 4.480178 -0.777975 -4.412114
v 6.720267 -0.777975 -4.412114
v 8.960357 -0.777975 -4.412114
v 11.200445 -0.777975 -4.412114
v -11.200445 -0.388988 -2.206057
v -8.960356 -0.388988 -2.206057
v -6.720267 -0.388988 -2.206057
v -4.480178 -0.388988 -2.206057
v -2.240089 -0.388988 -2.206057
v 0.000000 -0.388988 -2.206057
v 2.240090 -0.388988 -2.206057
v 4.480178 -0.388988 -2.206057
v 6.720267 -0.388988 -2.206057
v 8.960357 -0.388988 -2.206057
v 11.200445 -0.388988 -2.206057
v -11.200445 0.000000 0.000000
v -8.960356 0.000000 0.000000
v -6.720267 0.000000 0.000000
v -4.480178 0.000000 0.000000
v -2.240089 0.000000 0.000000
v 0.000000 0.000000 0.000000
v 2.240090 0.000000 0.000000
v 4.480178 0.000000 0.000000
v 6.720267 0.000000 0.000000
v 8.960357 0.000000 0.000000
v 11.200445 0.000000 0.000000
v -11.200445 0.388988 2.206057
v -8.960356 0.388988 2.206057
v -6.720267 0.388988 2.206057
v -4.480178 0.388988 2.206057
v -2.240089 0.388988 2.206057
v 0.000000 0.388988 2.206057
v 2.240090 0.388988 2.206057
v 4.480178 0.388988 2.206057
v 6.720267 0.388988 2.206057
v 8.960357 0.388988 2.206057
v 11.200445 0.388988 2.206057
v -11.200445 0.777975 4.412114
v -8.960356 0.777975 4.412114
v -6.720267 0.777975 4.412114
v -4.480178 0.777975 4.412114
v -2.240089 0.777975 4.412114
v 0.000000 0.777975 4.412114
v 2.240090 0.777975 4.412114
v 4.480178 0.777975 4.412114
v 6.720267 0.777975 4.412114
v 8.960357 0.777975 4.412114
v 11.200445 0.777975 4.412114
v -11.200445 1.166960 6.618171
v -8.960356 1.166960 6.618171
v -6.720267 1.166960 6.618171
v -4.480178 1.166960 6.618171
v -2.240089 1.166960 6.618171
v 0.000000 1.166960 6.618171
v 2.240090 1.166960 6.618171
v 4.480178 1.166960 6.618171
v 6.720267 1.166960 6.618171
v 8.960357 1.166960 6.618171
v 11.200445 1.166960 6.618171
v -11.200445 1.555951 8.824229
v -8.960356 1.555951 8.824229
v -6.720267 1.555951 8.824229
v -4.480178 1.555951 8.824229
v -2.240089 1.555951 8.824229
v 0.000000 1.555951 8.824229
v 2.240090 1.555951 8.824229
v 4.480178 1.555951 8.824229
v 6.720267 1.555951 8.824229
v 8.960357 1.555951 8.824229
v 11.200445 1.555951 8.824229
v -11.200445 1.944937 11.030285
v -8.960356 1.944937 11.030285
v -6.720267 1.944937 11.030285
v -4.480178 1.944937 11.030285
v -2.240089 1.944937 11.030285
v 0.000000 1.944937 11.030285
v 2.240090 1.944937 11.030285
v 4.480178 1.944937 11.030285
v 6.720267 1.944937 11.030285
v 8.960357 1.944937 11.030285
v 11.200445 1.944937 11.030285