vn -0.951885 0.122964 0.280705
vn -0.916646 0.187677 0.352898
vn -0.785844 -0.073572 0.614032
vn -0.752719 0.590850 0.290364
vn 0.748362 0.281819 0.600444
vn -0.333082 0.914725 0.228767
vn 0.880545 0.473816 -0.011806
vn 0.064123 0.995906 0.063709
vn 0.163238 0.985996 -0.034139
vn 0.716582 0.650955 -0.250535
vn 0.142597 0.984023 -0.106603
vn 0.854104 0.313786 -0.414782
vn 0.232990 0.939279 -0.251934
vn 0.072279 0.959207 -0.273309
vn 0.697016 0.136375 -0.703968
vn -0.052035 0.927609 -0.369910
vn -0.306561 0.809736 -0.500348
vn -0.614257 -0.382779 -0.690049
vn -0.885059 -0.447926 0.126625
vn -0.701015 0.712394 -0.032759
vn -0.780696 0.623969 0.034298
vn -0.818686 0.566498 0.093983
vn -0.625834 0.770929 0.118322
vn -0.283583 0.922284 -0.262626
vn -0.318541 0.942056 0.105179
vn -0.283860 0.957749 -0.046270
vn -0.428858 0.900666 -0.069874
vn -0.361654 0.909471 0.205107
vn -0.120411 0.985203 0.121966
vn -0.571855 0.817432 0.069187
vn 0.062953 0.963817 -0.259026
vn 0.125289 0.904724 -0.407157
vn -0.527776 0.646074 -0.551399
vn -0.908778 0.412227 -0.064743
vn -0.840914 0.538673 0.051911
vn -0.779770 0.618898 0.094473
vn -0.782441 0.602667 0.156776
vn -0.786269 0.578135 0.218039
vn -0.792993 0.448508 0.412314
vn 0.277424 0.958845 0.060428
vn 0.068801 0.996279 -0.051911
vn 0.065525 0.989804 -0.126470
vn 0.576512 0.737840 -0.351035
vn -0.912193 0.198308 -0.358579
vn -0.605246 0.354267 0.712861
vn -0.906006 -0.317314 0.280116
vn 0.117461 0.367033 0.922762
vn 0.867394 0.381991 -0.318922
vn 0.833850 0.272515 -0.480032
vn 0.705015 0.232620 -0.669956
vn 0.345163 0.131830 -0.929238
vn -0.078812 -0.320949 -0.943812
vn -0.583326 -0.568175 -0.580438
vn -0.791712 -0.589349 -0.160812
vn -0.720864 -0.691722 0.043317
vn -0.827440 -0.531647 0.180816
vn -0.723803 -0.576945 0.378475
vn -0.719147 -0.485330 0.497275
vn -0.474141 -0.620707 0.624430
vn -0.223084 -0.468860 0.854637
vn 0.803180 0.243005 0.543922
vn 0.932874 0.320155 0.165065
vn 0.985104 0.166413 -0.043317
vn 0.872457 0.450229 -0.190032
vn -0.459841 -0.857582 0.230434
vn 0.888490 0.350505 -0.296195
vn 0.915870 0.105907 -0.387254
vn 0.533882 -0.705411 0.466225
vn 0.629220 -0.775526 -0.051395
vn 0.647948 -0.500551 -0.574118
vn 0.395916 -0.844128 -0.361521
vn 0.262441 -0.964179 0.038517
vn 0.578633 -0.812035 0.076045
vn 0.924449 -0.326841 -0.196391
vn 0.293968 -0.954600 0.048180
vn 0.376332 -0.925630 -0.039789
vn 0.654461 -0.749817 0.097240
vn 0.307030 -0.948657 -0.076045
vn 0.472536 -0.881309 0.002084
vn 0.095574 -0.981634 0.165106
vn -0.267906 -0.901325 0.340352
vn -0.299491 -0.781221 0.547721
vn -0.069238 -0.766918 0.637999
vn 0.628711 -0.499995 0.595590
vn 0.912693 -0.171614 0.370864
vn 0.990988 -0.043431 0.126716
vn 0.948177 0.312426 -0.057883
vn 0.987185 -0.040669 -0.154312
vn 0.953829 0.126733 -0.272304
vn 0.789080 0.478561 -0.385139
vn 0.896020 -0.135528 -0.422824
vn 0.755967 0.160849 -0.634541
vn 0.612383 -0.457570 -0.644683
vn 0.203679 -0.826059 -0.525492
vn -0.406298 -0.835094 -0.370864
vn -0.285565 -0.952265 -0.107911
vn -0.625973 -0.776711 0.069847
vn -0.441003 -0.882262 0.164709
vn -0.581606 -0.760569 0.288565
vn -0.520129 -0.801654 0.294647
vn 0.614992 0.256125 -0.745778
vn 0.533777 0.310169 -0.786687
vn 0.300910 0.091283 -0.949274
vn 0.562427 0.761265 -0.322725
vn -0.267255 0.499085 -0.824311
vn -0.570869 0.608326 0.551406
vn 0.314588 0.925468 0.211052
vn -0.683623 -0.008242 0.729789
vn 0.069133 0.750719 0.656995
vn 0.139727 0.829251 0.541128
vn -0.054873 0.621694 0.781336
vn -0.378686 0.190708 0.905664
vn 0.200528 0.677231 0.707917
vn -0.044955 0.022397 0.998738
vn 0.312556 0.699469 0.642690
vn 0.354788 0.652600 0.669506
vn 0.851262 -0.503435 -0.148006
vn 0.625152 0.666837 0.405603
vn 0.629097 -0.233338 -0.741479
vn 0.836377 0.543056 -0.074590
vn 0.818695 0.521565 -0.240225
vn 0.560292 -0.040083 -0.827325
vn 0.773022 0.513418 -0.372611
vn 0.565234 0.818976 0.098936
vn 0.442872 0.683261 0.580533
vn 0.698205 0.677843 0.230301
vn 0.382853 0.788765 0.480909
vn 0.446995 0.893895 0.033884
vn 0.289760 0.858838 0.422417
vn 0.548845 0.815457 0.183845
vn 0.185433 0.599724 0.778425
vn 0.199480 0.454532 0.868106
vn 0.796789 0.301131 0.523878
vn 0.872225 0.454250 -0.181328
vn 0.756607 0.646670 -0.096765
vn 0.691948 0.720349 -0.048016
vn 0.661168 0.743593 -0.099635
vn 0.630957 0.759949 -0.156109
vn 0.533026 0.760823 -0.370177
vn -0.012659 0.999878 0.009144
vn 0.240459 0.843594 0.480134
vn 0.006784 0.721068 0.692831
vn 0.119745 0.695112 0.708859
vn -0.234700 0.251849 0.938876
vn 0.600720 0.115085 -0.791132
vn -0.691888 0.352953 0.629854
vn -0.540793 -0.077275 0.837599
vn -0.443722 -0.247822 0.861217
vn -0.242552 -0.358087 0.901633
vn 0.184627 -0.503320 0.844145
vn 0.504134 -0.772774 0.385577
vn 0.788030 -0.576165 -0.216893
vn 0.716809 -0.349697 -0.603239
vn 0.518000 -0.357665 -0.777015
vn 0.558717 -0.128665 -0.819318
vn 0.365597 -0.075565 -0.927701
vn 0.299050 0.054415 -0.952685
vn 0.156351 0.234166 -0.959542
vn -0.220998 0.442974 -0.868869
vn -0.748945 0.366588 -0.551991
vn -0.945167 0.283721 0.161747
vn -0.746359 0.029491 0.664889
vn -0.623709 0.024275 0.781280
vn 0.181444 -0.441664 -0.878642
vn -0.573861 -0.094022 0.813538
vn -0.579529 -0.345333 0.738167
vn -0.823916 -0.564981 0.044264
vn -0.602199 -0.785292 -0.143780
vn -0.325014 -0.869802 0.371228
vn -0.254441 -0.962852 -0.090426
vn -0.354089 -0.799626 -0.484994
vn -0.626838 -0.730080 -0.272136
vn -0.731761 -0.580571 0.357021
vn -0.477789 -0.838114 -0.263217
vn -0.330787 -0.686501 -0.647531
vn -0.359371 -0.231915 -0.903918
vn -0.652578 -0.560047 -0.510382
vn -0.453996 -0.859968 -0.233114
vn -0.433752 -0.820714 -0.371872
vn -0.502477 -0.798694 -0.331066
vn -0.276357 -0.703351 -0.654923
vn 0.096612 -0.290032 -0.952128
vn -0.051000 -0.164745 -0.985017
vn -0.155957 0.328254 -0.931626
vn -0.813159 -0.199247 -0.546875
vn -0.951039 -0.309004 -0.006476
vn -0.919937 -0.104560 0.377866
vn -0.806583 -0.169442 0.566316
vn -0.755040 -0.250158 0.606082
vn -0.682511 -0.258899 0.683484
vn -0.580930 -0.284498 0.762615
vn -0.593875 -0.648870 0.475689
vn -0.509640 -0.706219 0.491448
vn -0.380546 -0.905611 0.187226
vn 0.184337 -0.979343 -0.083107
vn 0.101079 -0.901965 -0.419813
vn 0.010859 -0.799455 -0.600628
vn 0.328747 -0.374792 -0.866866
vn 0.267796 -0.304199 -0.914193
vn 0.389743 -0.124487 -0.912471
vn -0.439975 0.168074 -0.882141
vn -0.338531 0.557749 -0.757834
vn -0.631369 0.220499 -0.743474
vn -0.545380 0.331201 -0.769978
vn -0.242767 0.880220 -0.407771
vn -0.961706 0.270177 -0.046118
vn -0.530695 0.827226 -0.184553
vn -0.430142 0.870095 0.240650
vn -0.033459 0.009400 0.999396
vn 0.014198 0.785445 0.618769
vn 0.207983 0.777079 0.594047
vn 0.297913 -0.074250 0.951701
vn 0.347617 0.758680 0.550969
vn 0.431153 0.574186 0.696002
vn 0.466519 -0.118649 0.876517
vn 0.494943 0.415439 0.763179
vn 0.541065 0.580102 0.608876
vn 0.636560 -0.178833 0.750207
vn 0.574099 0.677454 0.459854
vn 0.623872 0.703031 0.341367
vn 0.956296 -0.291554 -0.022210
vn 0.883854 0.429817 0.184554
vn 0.833427 0.492669 -0.250354
vn 0.421453 0.264352 -0.867465
vn -0.169224 0.061865 -0.983634
vn 0.195137 0.766643 -0.611703
vn 0.092988 0.812617 -0.575331
vn -0.420574 -0.146613 -0.895333
vn -0.040300 0.770073 -0.636682
vn -0.314062 0.642928 -0.698576
vn -0.256699 0.957582 -0.130930
vn -0.047934 0.987341 0.151193
vn 0.026186 0.878106 0.477749
vn 0.428626 0.809483 0.401270
vn 0.717830 0.683796 0.130932
vn 0.555103 0.817925 -0.151194
vn 0.444509 0.738217 -0.507393
vn 0.003942 0.895563 -0.444917
vn 0.339862 0.931943 0.126394
vn 0.527521 0.749420 0.400115
vn 0.609424 0.706891 0.359038
vn 0.371350 0.926894 0.054458
vn 0.485561 0.866937 -0.112475
vn 0.291426 0.949348 -0.117513
vn 0.194831 0.823366 -0.533019
vn 0.113940 0.880039 -0.461030
vn 0.097631 0.918202 -0.383892
vn 0.049265 0.931791 -0.359638
vn -0.033213 0.921379 -0.387244
vn -0.152133 0.920840 -0.359039
vn 0.165683 0.984674 -0.054459
vn 0.036955 0.992967 0.112475
vn 0.245608 0.962221 0.117509
vn 0.262460 0.804367 0.533019
vn 0.361031 0.810622 0.461030
vn 0.394829 0.834708 0.383892
vn 0.559447 0.442028 0.701164
vn -0.116709 0.748901 -0.652324
vn 0.484370 0.634844 0.601963
vn 0.895331 0.353549 0.270897
vn 0.880137 0.297094 -0.370261
vn 0.412236 0.489268 -0.768556
vn -0.580224 0.768085 -0.270898
vn -0.596652 0.711978 0.370262
vn -0.097127 0.632366 0.768557
vn 0.555799 0.031229 0.830730
vn -0.390336 0.210398 -0.896309
vn 0.450736 -0.011906 0.892578
vn 0.594470 -0.207100 0.776991
vn 0.744932 -0.268735 0.610621
vn 0.896759 -0.391979 0.205368
vn 0.811759 -0.396234 -0.429007
vn 0.389182 -0.249380 -0.886762
vn -0.002817 -0.058665 -0.998274
vn -0.195170 0.026990 -0.980398
vn -0.328616 0.057400 -0.942718
vn -0.521006 0.111449 -0.846246
vn -0.629425 0.148986 -0.762645
vn -0.780932 0.140024 -0.608719
vn -0.974079 0.089995 -0.207538
vn -0.899341 0.084485 0.429007
vn -0.462114 -0.010219 0.886762
vn -0.028147 -0.051550 0.998274
vn 0.180671 -0.078599 0.980398
vn 0.310431 -0.122132 0.942718
vn 0.474735 -0.212014 0.854211
vn -0.502609 -0.403243 -0.764709
vn 0.261658 -0.521104 0.812395
vn 0.269498 -0.671709 0.690056
vn 0.270082 -0.775851 0.570185
vn 0.291555 -0.834869 0.466893
vn 0.419177 -0.873489 0.247604
vn 0.364424 -0.893404 -0.262725
vn -0.065390 -0.806818 -0.587171
vn -0.209100 -0.603278 -0.769632
vn -0.356994 -0.608032 -0.709121
vn -0.419158 -0.554004 -0.719296
vn -0.541844 -0.584125 -0.604321
vn -0.642779 -0.419896 -0.640720
vn -0.723791 -0.436545 -0.534373
vn -0.648856 -0.736027 -0.193004
vn -0.745305 -0.597443 0.295944
vn -0.393251 -0.645247 0.654988
vn -0.147394 -0.711553 0.686998
vn 0.024089 -0.607242 0.794152
vn 0.046058 -0.749288 0.660641
vn -0.539480 -0.809716 -0.230917
vn -0.250621 -0.967141 0.042751
vn -0.258413 -0.966035 0.000279
vn -0.288335 -0.929488 0.230032
vn -0.115170 -0.825406 0.552667
vn 0.525689 0.101654 0.844581
vn -0.078815 -0.979831 0.183627
vn -0.259079 -0.965811 0.009315
vn -0.279682 -0.829449 -0.483520
vn -0.420552 -0.625636 -0.657051
vn -0.648691 -0.087217 -0.756037
vn -0.765464 -0.339357 -0.546720
vn -0.965586 -0.020749 -0.259256
vn -0.916302 0.081858 0.392033
vn -0.452388 -0.389840 0.802103
vn -0.058679 -0.148468 0.987175
vn 0.080616 -0.470542 0.878687
vn 0.339317 -0.037184 0.939937
vn 0.292574 -0.459803 0.838440
vn 0.362399 -0.497071 0.788408
vn 0.615723 -0.142571 0.774957
vn 0.476748 -0.688336 0.546722
vn 0.463941 -0.859617 0.214050
vn 0.306112 -0.908140 -0.285616
vn 0.281824 -0.371186 -0.884758
vn -0.084932 -0.253792 -0.963523
vn -0.198221 0.086095 -0.976369
vn -0.398581 -0.141463 -0.906157
vn -0.440753 0.166068 -0.882133
vn -0.559886 -0.136019 -0.817329
vn -0.883849 -0.429827 -0.184553
vn -0.820332 -0.518790 0.240649
vn -0.396919 -0.677924 0.618769
vn 0.530702 -0.827221 0.184555
vn 0.430145 -0.870094 -0.240649
vn 0.215554 -0.622782 -0.752117
vn -0.437135 0.066257 -0.896952
vn -0.817832 -0.212902 -0.534625
vn -0.807235 -0.119875 -0.577929
vn -0.953914 0.113225 -0.277901
vn -0.499003 0.013633 -0.866493
vn 0.323885 0.946021 0.011977
vn -0.071485 0.192893 -0.978612
vn 0.839690 0.541917 -0.035296
vn 0.376768 0.299479 -0.876560
vn 0.509739 0.285376 -0.811620
vn 0.915834 0.302708 -0.263847
vn 0.533663 0.214198 -0.818122
vn 0.983378 0.154226 0.095826
vn 0.664502 0.127717 -0.736291
vn 0.511964 0.031292 -0.858437
vn 0.902157 -0.282632 -0.325932
vn 0.428334 -0.071226 -0.900809
vn -0.240618 -0.970403 0.020515
vn 0.092512 -0.258019 -0.961700
vn -0.896786 -0.442379 0.008724
vn -0.237066 -0.209930 -0.948541
vn -0.366567 -0.214698 -0.905281
vn -0.449356 -0.197478 -0.871253
vn -0.242622 -0.032641 -0.969572
vn -0.081084 0.011044 -0.996646
vn -0.179609 -0.227919 -0.956971
vn 0.172932 0.045121 -0.983900
vn 0.166091 -0.078333 -0.982994
vn 0.179609 0.200619 -0.963064
vn -0.157864 -0.035659 -0.986817
vn 0.550995 0.042589 -0.833421
vn 0.610133 -0.068463 -0.789336
vn 0.189581 -0.560084 -0.806452
vn -0.532351 -0.435688 -0.725795
vn -0.453088 -0.250210 -0.855632
vn -0.401021 -0.165277 -0.901036
vn -0.443509 -0.118506 -0.888401
vn -0.489392 -0.075138 -0.868821
vn -0.650282 0.052890 -0.757850
vn -0.189581 0.536928 -0.822051
vn 0.532351 0.414876 -0.737889
vn 0.453087 0.225780 -0.862401
vn 0.489414 0.160477 -0.857159
vn 0.899599 0.169392 -0.402527
vn 0.731193 -0.355735 -0.582073
vn -0.753554 0.341817 -0.561532
vn -0.948258 -0.294157 -0.119493
vn 0.965170 0.257747 0.044872
vn 0.988191 0.080916 0.130121
vn 0.977928 -0.146588 0.148889
vn 0.806941 -0.574765 0.135988
vn 0.342508 -0.901616 0.264153
vn -0.344693 -0.923784 0.166761
vn -0.723388 -0.675510 0.142815
vn -0.819815 -0.487157 0.300969
vn -0.915178 -0.388130 0.108646
vn -0.964171 -0.182252 0.192765
vn -0.992019 -0.059332 0.111258
vn -0.930533 0.137232 0.339524
vn -0.792227 0.524547 0.311811
vn -0.229056 0.943892 0.237909
vn 0.353319 0.935194 0.024041
vn 0.725079 0.680985 0.102571
vn 0.819814 0.495517 0.286997
vn 0.923295 0.383775 -0.015611
vn -0.790947 -0.239791 0.562942
vn 0.956530 0.279818 0.082170
vn 0.935605 0.160000 0.314711
vn 0.206451 0.089032 0.974398
vn 0.612174 -0.272512 0.742280
vn 0.178356 -0.302229 0.936401
vn -0.187011 -0.063809 0.980283
vn 0.084699 0.161361 0.983254
vn 0.674455 0.221440 0.704325
vn -0.165280 -0.037735 0.985525
vn 0.282076 -0.544146 0.790150
vn -0.010229 0.382145 0.924046
vn 0.345077 0.589913 0.730017
vn 0.045518 -0.077012 0.995991
vn 0.020604 0.030367 0.999326
vn -0.387739 -0.045826 0.920630
vn -0.725133 -0.062538 0.685763
vn -0.818227 0.122795 0.561629
vn -0.691286 0.316504 0.649576
vn -0.048155 0.692912 0.719412
vn 0.410463 0.724910 0.553196
vn 0.651659 0.590750 0.475768
vn 0.855056 0.499309 0.139894
vn 0.805117 0.355274 0.474939
vn 0.908167 0.279686 0.311462
vn 0.979609 0.186156 -0.075583
vn 0.846197 0.063473 0.529077
vn 0.978646 -0.115893 0.169769
vn 0.662956 -0.400186 0.632725
vn 0.335392 -0.900270 0.277538
vn -0.460898 -0.877637 0.131626
vn -0.509719 -0.456973 0.728946
vn -0.795646 -0.437630 0.418842
vn -0.749853 -0.290966 0.594188
vn -0.877394 -0.229359 0.421396
vn -0.850365 -0.203235 0.485362
vn 0.008378 -0.088539 -0.996037
vn -0.048486 -0.176790 -0.983054
vn 0.158447 -0.450384 -0.878663
vn -0.575353 0.154327 -0.803213
vn -0.353510 -0.781544 -0.514024
vn -0.761433 -0.094525 0.641315
vn -0.899702 0.328759 -0.287149
vn -0.255314 0.020947 0.966631
vn -0.849376 0.485991 0.205845
vn -0.898409 0.430155 0.088472
vn -0.771021 0.487954 0.409178
vn -0.427274 0.350568 0.833390
vn -0.736208 0.612294 0.288260
vn -0.102236 0.421462 0.901065
vn -0.685823 0.668351 0.288016
vn -0.673434 0.723740 0.150623
vn 0.348344 0.753710 0.557295
vn 0.213164 0.309413 -0.926728
vn -0.630904 0.714811 -0.301670
vn -0.578908 0.511670 -0.634869
vn -0.532335 0.561941 -0.633120
vn 0.292911 -0.160183 -0.942626
vn -0.454911 0.375729 -0.807393
vn -0.718241 0.449073 -0.531472
vn -0.707458 0.701887 -0.082812
vn -0.856464 0.484658 -0.177696
vn -0.798283 0.586269 -0.137963
vn -0.762761 0.355206 -0.540393
vn -0.910105 0.406191 -0.081965
vn -0.735177 0.496749 -0.461254
vn -0.710034 0.658435 0.249633
vn -0.586363 0.735406 0.339641
vn -0.279784 0.917567 -0.282474
vn -0.311463 0.510095 -0.801745
vn -0.480147 0.454383 -0.750330
vn -0.571891 0.440001 -0.692344
vn -0.588598 0.381255 -0.712880
vn -0.597555 0.319727 -0.735325
vn -0.533989 0.044000 -0.844346
vn -0.968293 -0.032292 -0.247722
vn -0.867314 0.329619 0.372984
vn -0.840867 0.500296 0.206509
vn -0.798278 0.560050 0.221577
vn -0.476418 0.480312 0.736428
vn 0.019896 0.652718 -0.757339
vn 0.151505 -0.126240 -0.980362
vn -0.187859 0.200427 0.961529
vn -0.012456 0.291395 0.956522
vn 0.134124 0.453619 0.881045
vn 0.428693 0.665059 0.611489
vn 0.776933 0.629474 0.011753
vn 0.712788 0.449678 -0.538259
vn 0.590093 0.089548 -0.802353
vn 0.591019 -0.161539 -0.790317
vn 0.385600 -0.168742 -0.907105
vn 0.325426 -0.384116 -0.864033
vn 0.186951 -0.440260 -0.878192
vn 0.210635 -0.670017 -0.711836
vn -0.101115 -0.849470 -0.517857
vn -0.390512 -0.908733 0.147324
vn -0.588590 -0.537826 0.603577
vn -0.392291 -0.238832 0.888295
vn -0.138926 -0.165182 0.976429
vn -0.311031 0.124600 0.942197
vn 0.638272 -0.470716 -0.609127
vn -0.172097 0.160471 0.971922
vn 0.085027 0.111231 0.990151
vn 0.722828 -0.580670 0.374624
vn 0.713811 -0.489385 0.500975
vn 0.944316 -0.246716 0.217710
vn 0.958372 -0.143359 -0.246924
vn 0.709736 -0.637216 0.300383
vn 0.366319 -0.256828 0.894343
vn 0.800686 -0.580658 0.147439
vn 0.936816 0.081994 0.340077
vn 0.480438 -0.784235 0.392626
vn 0.176942 -0.677112 0.714291
vn 0.819931 -0.468246 0.329329
vn 0.756976 -0.558199 0.339708
vn 0.769471 -0.634144 -0.076006
vn 0.493477 -0.587195 -0.641625
vn 0.355404 -0.719444 -0.596731
vn 0.251929 -0.886532 -0.388063
vn 0.207095 -0.974099 0.090794
vn -0.192810 -0.624834 0.756575
vn -0.127782 -0.390958 0.911495
vn -0.085907 -0.176370 0.980568
vn -0.007924 -0.109348 0.993972
vn -0.003760 -0.003167 0.999988
vn -0.056591 0.185234 0.981064
vn 0.205505 0.139790 0.968621
vn 0.237906 0.302606 0.922947
vn 0.555799 0.480748 0.678210
vn 0.669539 0.661422 0.337993
vn 0.937985 -0.072292 -0.339054
vn 0.826517 -0.174944 -0.535037
vn 0.665088 -0.247044 -0.704718
vn 0.633527 -0.390333 -0.668045
vn 0.527172 -0.437856 -0.728267
vn 0.373382 -0.354762 -0.857164