v 7.288299 1.482387 -3.725150
v 6.314865 3.895731 -3.760223
v 4.707815 5.918588 -3.451444
v 2.673303 7.381200 -2.750424
v 0.361638 8.112143 -1.804399
v -5.888472 5.636070 1.632863
v -4.707813 -5.918585 3.451442
v 4.145474 -7.189163 -0.486390
v 7.073366 -3.527470 -2.591888
v 7.549657 -1.075474 -3.322568
v 4.741476 5.938060 -3.397266
v -1.962563 8.080738 -0.624970
v -4.117957 7.228756 0.572786
v -5.868110 5.655187 1.693421
v -7.036495 3.559616 2.712457
v -7.513951 1.101620 3.444924
v -7.251949 -1.462499 3.848490
v -6.276133 -3.881748 3.883648
v -4.685968 -5.913968 3.514283
v -2.625663 -7.375744 2.871379
v -0.308343 -8.108475 1.923039
v 2.043102 -8.045780 0.794770
v 4.178430 -7.186140 -0.428492
v 5.946855 -5.635927 -1.552985
v 7.388804 1.514070 -3.648831
v 6.408457 3.944553 -3.684153
v 4.783658 5.970481 -3.357055
v 2.741035 7.454773 -2.667183
v 0.412954 8.190907 -1.714440
v -5.864519 5.686579 1.752150
v -4.678078 -5.924658 3.579635
v 4.218564 -7.201458 -0.377482
v 7.172345 -3.531363 -2.507522
v 7.652019 -1.061955 -3.243390
v 4.830233 6.012678 -3.334746
v -1.945138 8.155032 -0.561995
v -4.116635 7.296684 0.644710
v -5.878054 5.727173 1.803300
v -7.056976 3.600134 2.800365
v -7.538000 1.123775 3.538305
v -7.274040 -1.459500 3.944885
v -6.290935 -3.896822 3.980306
v -4.684915 -5.949610 3.641102
v -2.613193 -7.416921 2.960475
v -0.278560 -8.155126 2.005050
v 2.090451 -8.091964 0.868352
v 4.261948 -7.233616 -0.338353
v 6.023367 -5.664107 -1.496943
v 7.515078 1.545448 -3.648686
v 6.521164 4.009566 -3.684497
v 4.897489 6.084921 -3.341563
v 2.802989 7.568364 -2.653453
v 0.442690 8.314684 -1.687525
v -1.952367 8.250828 -0.538330
v -4.147736 7.383043 0.681641
v -5.928519 5.796278 1.852968
v -7.120401 3.645855 2.860994
v -7.606713 1.142273 3.607046
v -7.339852 -1.469401 4.018096
v -6.345938 -3.933518 4.053906
v -4.722263 -6.008873 3.710973
v -2.627765 -7.492315 3.022864
v -0.267467 -8.238635 2.056936
v 2.127589 -8.174778 0.907741
v 4.322957 -7.306996 -0.312229
v 6.103740 -5.720231 -1.483556
v 7.295623 -3.569808 -2.491582
v 7.781935 -1.066226 -3.237634
v 7.618888 1.564535 -3.724771
v 6.609935 4.065938 -3.761123
v 4.961692 6.172696 -3.413000
v 2.835500 7.678585 -2.714478
v 0.439487 8.436197 -1.733935
v -1.991810 8.371374 -0.567351
v -4.220397 7.490460 0.671080
v -6.028126 5.879685 1.860131
v -7.238043 3.696724 2.883409
v -7.731714 1.155259 3.640750
v -7.460814 -1.495932 4.058019
v -6.451861 -3.997334 4.094372
v -4.803618 -6.104092 3.746249
v -2.677428 -7.609980 3.047728
v -0.281416 -8.367592 2.067184
v 2.149879 -8.302770 0.900601
v 4.378467 -7.421856 -0.337829
v 6.186195 -5.811082 -1.526879
v 7.396112 -3.628121 -2.550158
v 7.889783 -1.086657 -3.307498
v 7.659863 1.566787 -3.814798
v 6.641914 4.090491 -3.851475
v 4.978976 6.216032 -3.500249
v 2.833828 7.735347 -2.795500
v 0.416453 8.499714 -1.806214
v -2.036520 8.434313 -0.629229
v -4.284976 7.545545 0.620243
v -6.108821 5.920409 1.819894
v -7.329525 3.717985 2.852296
v -7.827597 1.153862 3.616389
v -7.554282 -1.520966 4.037378
v -6.536334 -4.044669 4.074055
v -4.873396 -6.170209 3.722829
v -2.728250 -7.689523 3.018080
v -0.310876 -8.453891 2.028794
v 2.142095 -8.388490 0.851810
v 4.390551 -7.499722 -0.397661
v 6.214397 -5.874588 -1.597312
v 7.435101 -3.672164 -2.629714
v 7.933173 -1.108042 -3.393806
v 7.651989 1.556198 -3.912855
v 6.629888 4.090200 -3.949681
v 4.971087 6.226723 -3.565601
v 2.806263 7.749928 -2.889396
v 0.379025 8.517414 -1.896074
v -2.083957 8.451746 -0.714287
v -4.341587 7.559351 0.540283
v -6.155303 5.930070 1.773059
v -7.398560 3.716174 2.781444
v -7.898664 1.141589 3.548654
v -7.624233 -1.544153 3.971362
v -6.602131 -4.078154 4.008187
v -4.915579 -6.202631 3.682617
v -2.778510 -7.737880 2.947904
v -0.351273 -8.505365 1.954582
v 2.111708 -8.439698 0.772795
v 4.380613 -7.536771 -0.452214
v 6.200625 -5.915539 -1.686320
v 7.426310 -3.704129 -2.722934
v 7.926414 -1.129544 -3.490145
v 4.949241 6.222105 -3.628441
v -6.190446 5.925099 1.716599
v -4.949239 -6.222102 3.628439
v 4.358063 -7.557837 -0.511334
v 7.580042 1.529087 -4.017822
v 6.560322 4.057182 -4.054563
v 4.915581 6.202634 -3.682619
v 2.745608 7.708381 -2.996749
v 0.324027 8.474078 -2.005742
v -2.133215 8.408564 -0.826709
v -4.385584 7.518250 0.424937
v -6.210809 5.905982 1.656041
v -7.435432 3.684028 2.660875
v -7.934371 1.115443 3.426298
v -7.660581 -1.564040 3.848020
v -6.640861 -4.092135 3.884760
v -4.971085 -6.226719 3.565599
v -2.826149 -7.743332 2.826948
v -0.404569 -8.509030 1.835940
v 2.052672 -8.443516 0.656908
v 4.325108 -7.560861 -0.569232
v 6.132060 -5.925238 -1.796477
v 7.354889 -3.718982 -2.830675
v 7.853827 -1.150397 -3.596097
v 4.873398 6.170212 -3.722831
v -6.214398 5.874589 1.597312
v -4.978974 -6.216029 3.500247
v 4.284974 -7.545542 -0.620243
v 7.460816 1.495933 -4.058022
v 6.451863 3.997336 -4.094374
v 4.803620 6.104095 -3.746251
v 2.677428 7.609982 -3.047729
v 0.281415 8.367596 -2.067186
v -2.149881 8.302773 -0.900602
v -4.378469 7.421858 0.337829
v -6.186197 5.811083 1.526879
v -7.396114 3.628122 2.550158
v -7.889785 1.086657 3.307499
v -7.618885 -1.564534 3.724768
v -6.609932 -4.065936 3.761121
v -4.961690 -6.172693 3.412998
v -2.835499 -7.678582 2.714477
v -0.439487 -8.436195 1.733933
v 1.991808 -8.371372 0.567350
v 4.220395 -7.490458 -0.671080
v 6.028124 -5.879684 -1.860130
v 7.238041 -3.696723 -2.883409
v 7.731711 -1.155259 -3.640749
v 7.339855 1.469402 -4.018098
v 6.345941 3.933520 -4.053909
v 4.722265 6.008875 -3.710975
v 2.627766 7.492318 -3.022865
v 0.267466 8.238638 -2.056937
v -2.127590 8.174782 -0.907742
v -4.322959 7.306997 0.312229
v -6.103742 5.720232 1.483556
v -7.295625 3.569809 2.491582
v -7.781936 1.066227 3.237634
v -7.515075 -1.545447 3.648684
v -6.521161 -4.009564 3.684495
v -4.897487 -6.084918 3.341561
v -2.802989 -7.568361 2.653452
v -0.442691 -8.314681 1.687524
v 1.952365 -8.250824 0.538329
v 4.147734 -7.383041 -0.681641
v 5.928517 -5.796277 -1.852968
v 7.120399 -3.645854 -2.860994
v 7.606711 -1.142272 -3.607046
v 7.274043 1.459501 -3.944887
v 6.290937 3.896824 -3.980308
v 4.684917 5.949613 -3.641104
v 2.613193 7.416924 -2.960476
v 0.278560 8.155128 -2.005051
v -2.074856 8.073479 -0.845401
v -4.240257 7.217539 0.357917
v -6.023369 5.664107 1.496943
v -7.172346 3.531364 2.507522
v -7.652020 1.061955 3.243390
v -7.388802 -1.514070 3.648829
v -6.408455 -3.944551 3.684151
v -4.830230 -6.012676 3.334744
v -2.741035 -7.454770 2.667182
v -0.412955 -8.190903 1.714439
v 1.949408 -8.127918 0.580931
v 4.116633 -7.296682 -0.644710
v 5.871285 -5.706875 -1.777725
v 7.056974 -3.600133 -2.800365
v 7.537998 -1.123775 -3.538305
v 7.251952 1.462500 -3.848492
v 6.276135 3.881749 -3.883650
v 4.678081 5.924661 -3.579637
v 2.625664 7.375747 -2.871381
v 0.308342 8.108478 -1.923041
v -5.970097 5.640759 1.529568
v -4.783656 -5.970479 3.357053
v 4.112986 -7.247278 -0.600063
v 7.036493 -3.559615 -2.712457
v 7.513950 -1.101620 -3.444924
v 4.685970 5.913971 -3.514284
v -2.011821 8.037557 -0.737392
v -4.161954 7.187654 0.457441
v -5.923615 5.631098 1.576403
v -7.073368 3.527470 2.591888
v -7.549659 1.075474 3.322568
v -7.288296 -1.482386 3.725148
v -6.314862 -3.895730 3.760221
v -4.741474 -5.938057 3.397264
v -2.673303 -7.381197 2.750423
v -0.361639 -8.112139 1.804398
v 1.984066 -8.049599 0.678883
v 4.122924 -7.210229 -0.545510
v 5.878289 -5.645627 -1.663142
v 5.024770 4.157064 -1.131425
v 3.746034 5.449880 -0.141578
v 2.127163 6.201729 0.907383
v -4.685486 3.306263 3.296791
v -5.985219 -0.535866 2.774814
v -5.777252 -2.474218 2.076343
v -5.002686 -4.171062 1.176847
v -3.746033 -5.449878 0.141576
v -0.265678 -6.363401 -1.801700
v 1.600811 -5.888867 -2.562853
v 3.298572 -4.828547 -3.091686
v 5.628311 -1.468253 -3.158468
v 5.834502 2.452944 -1.992745
v 3.772818 5.442720 -0.096331
v 0.309439 6.351645 1.894788
v -1.561619 5.875950 2.657804
v -3.276677 4.823087 3.167108
v -4.669283 3.296413 3.346352
v -5.598973 1.444516 3.254876
v -3.728651 -5.470716 0.187178
v -2.089256 -6.244232 -0.820924
v 3.324795 -4.848605 -3.050141
v 4.731939 -3.336745 -3.241020
v 6.042974 0.509848 -2.692924
v 5.099242 4.161995 -1.059671
v 3.806382 5.449941 -0.055869
v 2.181058 6.221180 0.993615
v -4.666426 3.295826 3.399337
v -5.988933 -0.564261 2.874307
v -5.779490 -2.516378 2.170876
v -4.999423 -4.225271 1.264993
v -3.722373 -5.503193 0.228671
v -0.228775 -6.433179 -1.734706
v 1.650969 -5.955276 -2.501265
v 3.356729 -4.878819 -3.020424
v 5.707069 -1.503269 -3.101109
v 5.903620 2.455084 -1.955116
v 3.843442 5.470834 -0.024152
v 0.337282 6.382911 1.961460
v -1.547754 5.903662 2.730176
v -3.275625 4.842935 3.243284
v -4.677196 3.304559 3.450558
v -5.615271 1.439123 3.331708
v -3.727813 -5.544130 0.261994
v -2.079334 -6.307065 -0.774541
v 3.391250 -4.916233 -3.005442
v 4.792821 -3.377858 -3.212716
v 6.113650 0.497472 -2.660526
v 5.979785 2.474934 -1.953440
v 5.188924 4.207477 -1.035021
v 3.896958 5.523836 -0.001249
v 2.230355 6.295158 1.046682
v 0.352253 6.445941 2.006192
v -1.553505 5.961424 2.783360
v -3.300372 4.889034 3.302109
v -4.717351 3.333747 3.511661
v -5.665738 1.447804 3.391504
v -6.052700 -0.584186 2.953400
v -5.840358 -2.563318 2.240234
v -5.049497 -4.295860 1.321815
v -3.757531 -5.612220 0.288043
v -2.090929 -6.383542 -0.759887
v -0.212828 -6.534324 -1.719397
v 1.692930 -6.049807 -2.496564
v 3.439795 -4.977419 -3.015313
v 4.856774 -3.422132 -3.224866
v 5.805161 -1.536189 -3.104709
v 6.192123 0.495801 -2.666605
v 6.062387 2.517377 -1.999205
v 5.259559 4.276135 -1.066888
v 3.948045 5.612413 -0.017474
v 2.256224 6.395406 1.046313
v 0.349704 6.548470 2.020341
v -1.584891 6.056622 2.809268
v -3.358189 4.968006 3.335866
v -4.796608 3.389185 3.548590
v -5.759346 1.474705 3.426615
v -6.152164 -0.588031 2.981882
v -5.936608 -2.597110 2.257925
v -5.133780 -4.355867 1.325609
v -3.822266 -5.692144 0.276195
v -2.130446 -6.475138 -0.787591
v -0.223927 -6.628201 -1.761620
v 1.710667 -6.136353 -2.550546
v 3.483965 -5.047739 -3.077145
v 4.922384 -3.468919 -3.289868
v 5.885122 -1.554439 -3.167893
v 6.277939 0.508297 -2.723161
v 6.094991 2.553415 -2.061142
v 5.285005 4.327854 -1.120513
v 3.961798 5.676046 -0.061743
v 2.254894 6.466019 1.011528
v 0.331377 6.620448 1.994241
v -1.620466 6.124214 2.790201
v -3.409574 5.025893 3.321495
v -4.860818 3.432997 3.536114
v -5.832139 1.501448 3.413052
v -6.228459 -0.579679 2.964354
v -6.010982 -2.606669 2.233942
v -5.200996 -4.381107 1.293314
v -3.877789 -5.729298 0.234545
v -2.170885 -6.519272 -0.838726
v -0.247369 -6.673700 -1.821438
v 1.704473 -6.177467 -2.617399
v 3.493581 -5.079146 -3.148692
v 4.944824 -3.486251 -3.363312
v 5.916145 -1.554703 -3.240250
v 6.312464 0.526424 -2.791552
v 6.088726 2.583570 -2.133594
v 5.275435 4.365249 -1.189127
v 3.955520 5.708523 -0.103236
v 2.232960 6.512139 0.951613
v 0.301595 6.667197 1.938336
v -1.658212 6.168940 2.737544
v -3.454620 5.066137 3.271005
v -4.897804 3.457667 3.507144
v -5.887071 1.527311 3.362936
v -6.285007 -0.562307 2.912408
v -6.066642 -2.597569 2.179015
v -5.253351 -4.379247 1.234549
v -3.911353 -5.736518 0.194083
v -2.210877 -6.526135 -0.906190
v -0.279513 -6.681194 -1.892912
v 1.680293 -6.182936 -2.692121
v 3.485673 -5.084104 -3.200929
v 4.933866 -3.480739 -3.441077
v 5.909150 -1.541310 -3.317513
v 6.307086 0.548308 -2.866984
v 3.938138 5.729361 -0.148838
v -4.925767 3.475815 3.465857
v -3.938137 -5.729358 0.148837
v 3.467730 -5.076165 -3.250233
v 6.031478 2.604846 -2.217193
v 5.220082 4.382373 -1.274927
v 3.911354 5.736521 -0.194084
v 2.184697 6.524259 0.860824
v 0.257832 6.678956 1.845247
v -1.697407 6.181859 2.642592
v -3.489629 5.081627 3.174810
v -4.941970 3.485665 3.416296
v -5.916409 1.551048 3.266527
v -6.313419 -0.533701 2.817049
v -6.095563 -2.564219 2.085366
v -5.284168 -4.341744 1.143100
v -3.955519 -5.708521 0.103235
v -2.248784 -6.483630 -0.992650
v -0.321921 -6.638328 -1.977073
v 1.633318 -6.141231 -2.774418
v 3.441507 -5.056106 -3.291777
v 4.879309 -3.445331 -3.521630
v 5.852320 -1.510421 -3.398354
v 6.249329 0.574327 -2.948875
v 3.877789 5.729301 -0.234546
v -4.944826 3.486252 3.363311
v -3.961797 -5.676043 0.061742
v 3.409572 -5.025891 -3.321495
v 5.936609 2.597111 -2.257927
v 5.133781 4.355869 -1.325610
v 3.822267 5.692147 -0.276197
v 2.130445 6.475140 0.787590
v 0.223926 6.628204 1.761620
v -1.710669 6.136355 2.550546
v -3.483967 5.047740 3.077144
v -4.922387 3.468919 3.289868
v -5.885125 1.554439 3.167893
v -6.277942 -0.508297 2.723160
v -6.062387 -2.517376 1.999203
v -5.259558 -4.276134 1.066886
v -3.948044 -5.612411 0.017473
v -2.256224 -6.395404 -1.046313
v -0.349705 -6.548468 -2.020342
v 1.584889 -6.056619 -2.809268
v 3.358187 -4.968005 -3.335867
v 4.796606 -3.389185 -3.548590
v 5.759344 -1.474705 -3.426616
v 6.152161 0.588031 -2.981883
v 5.840359 2.563319 -2.240236
v 5.049498 4.295862 -1.321816
v 3.757532 5.612222 -0.288045
v 2.090929 6.383544 0.759886
v 0.212827 6.534327 1.719396
v -1.692932 6.049809 2.496564
v -3.439798 4.977420 3.015313
v -4.856777 3.422133 3.224865
v -5.805164 1.536190 3.104708
v -6.192126 -0.495801 2.666605
v -5.979784 -2.474933 1.953438
v -5.188922 -4.207475 1.035019
v -3.896957 -5.523834 0.001248
v -2.230355 -6.295156 -1.046682
v -0.352254 -6.445938 -2.006193
v 1.553504 -5.961421 -2.783360
v 3.300369 -4.889033 -3.302109
v 4.717348 -3.333746 -3.511661
v 5.665735 -1.447803 -3.391505
v 6.052697 0.584186 -2.953401
v 5.779490 2.516379 -2.170878
v 5.005731 4.242087 -1.284526
v 3.727814 5.544133 -0.261995
v 2.079333 6.307068 0.774540
v 0.228774 6.433182 1.734706
v -1.650971 5.955278 2.501264
v -3.373992 4.897527 3.012932
v -4.792824 3.377858 3.212715
v -5.707071 1.503269 3.101108
v -6.113653 -0.497472 2.660525
v -5.903619 -2.455083 1.955114
v -5.121358 -4.168786 1.046681
v -3.843441 -5.470831 0.024151
v -2.181058 -6.221178 -0.993616
v -0.337283 -6.382908 -1.961460
v 1.547752 -5.903661 -2.730177
v 3.275623 -4.842933 -3.243285
v 4.671808 -3.300192 -3.424948
v 5.615268 -1.439123 -3.331709
v 5.988931 0.564261 -2.874308
v 4.993954 4.194566 -1.222874
v 3.722373 5.503196 -0.228672
v 2.089256 6.244234 0.820923
v -4.750434 3.349081 3.226534
v -6.042976 -0.509848 2.692924
v -5.834500 -2.452943 1.992743
v -5.058040 -4.153937 1.091047
v -3.806382 -5.449938 0.055868
v -0.309440 -6.351642 -1.894789
v 1.561616 -5.875948 -2.657805
v 3.272721 -4.825564 -3.193227
v 5.598971 -1.444516 -3.254877
v 5.777253 2.474219 -2.076345
v 3.728652 5.470718 -0.187179
v 0.265677 6.363403 1.801699
v -1.600813 5.888870 2.562853
v -3.311686 4.838577 3.070913
v -4.713449 3.324411 3.255504
v -5.628313 1.468253 3.158467
v -3.772817 -5.442718 0.096330
v -2.127163 -6.201726 -0.907384
v 3.280628 -4.820607 -3.140989
v 4.677382 -3.301337 -3.321572
v 5.985217 0.535866 -2.774815
v 9.282195 2.549962 -1.588083
v 5.865177 7.482433 -2.162292
v 3.204877 8.975649 -2.085649
v -2.780204 9.245422 -1.405725
v -5.510838 8.007539 -0.832700
v -7.701354 5.975514 -0.212002
v -7.958349 -5.265714 2.029854
v -5.865174 -7.482430 2.162291
v -3.195664 -8.961102 2.160961
v 2.789413 -9.230875 1.481037
v 5.511981 -7.995248 0.869810
v 9.147198 -3.365695 -0.429196
v 9.688664 -0.429231 -1.062484
v 7.995810 5.306994 -1.887792
v 5.881748 7.506367 -2.089694
v 0.232322 9.616262 -1.770425
v -7.701807 5.997556 -0.136956
v -9.151600 3.402325 0.577276
v -9.694391 0.458675 1.212113
v -9.286921 -2.527808 1.738998
v -5.863323 -7.477277 2.240316
v -0.205590 -9.574052 1.988987
v 5.528111 -7.990738 0.946214
v 7.738406 -5.972790 0.321936
v 9.364291 2.593616 -1.467074
v 5.911419 7.546739 -2.029629
v 3.243815 9.064934 -1.968174
v -2.783768 9.336623 -1.283421
v -5.533792 8.089951 -0.706327
v -7.721546 6.032440 -0.069788
v -7.998685 -5.277562 2.176556
v -5.876375 -7.491408 2.316131
v -3.202178 -8.999191 2.308593
v 2.825402 -9.270882 1.623841
v 5.556495 -8.006738 1.017321
v 9.228335 -3.364051 -0.299957
v 9.773647 -0.406734 -0.937742
v 8.066193 5.363456 -1.814825
v 5.951284 7.599596 -1.987978
v 0.244707 9.704917 -1.696581
v -7.758639 6.076749 -0.017074
v -9.209318 3.444557 0.668659
v -9.756166 0.478916 1.308239
v -9.345652 -2.529878 1.839060
v -5.903052 -7.523442 2.382315
v -0.196476 -9.628762 2.090917
v 5.594357 -8.041679 1.076173
v 7.806867 -6.000597 0.411411
v 9.501855 2.642097 -1.422192
v 8.159566 5.429836 -1.796362
v 6.021408 7.690559 -1.971419
v 3.296679 9.202971 -1.930227
v 0.252095 9.819025 -1.676818
v -2.814320 9.478420 -1.235998
v -5.602402 8.214494 -0.650917
v -7.839235 6.150970 0.021152
v -9.305862 3.489843 0.714424
v -9.858721 0.491599 1.361035
v -9.443694 -2.550272 1.897691
v -8.101405 -5.338010 2.271861
v -5.963248 -7.598732 2.446918
v -3.238521 -9.111143 2.405726
v -0.193938 -9.727198 2.152317
v 2.872475 -9.386591 1.711498
v 5.660556 -8.122667 1.126417
v 7.897389 -6.059145 0.454348
v 9.364017 -3.398018 -0.238924
v 9.916876 -0.399775 -0.885535
v 9.642344 2.676886 -1.470582
v 8.279743 5.506807 -1.850413
v 6.109232 7.801738 -2.028119
v 3.343275 9.337034 -1.986304
v 0.252623 9.962410 -1.729060
v -2.860189 9.616650 -1.281570
v -5.690459 8.333600 -0.687637
v -7.961138 6.238853 -0.005398
v -9.449957 3.537459 0.698364
v -10.011183 0.493848 1.354759
v -9.589874 -2.594049 1.899536
v -8.227276 -5.423969 2.279367
v -6.056766 -7.718899 2.457073
v -3.290810 -9.254194 2.415257
v -0.200159 -9.879570 2.158014
v 2.912652 -9.533811 1.710524
v 5.742921 -8.250762 1.116591
v 8.013599 -6.156016 0.434353
v 9.502419 -3.454623 -0.269409
v 10.063644 -0.411013 -0.925804
v 9.719364 2.686628 -1.556831
v 8.344616 5.541779 -1.940049
v 6.154754 7.857170 -2.119339
v 3.364137 9.406154 -2.077150
v 0.245930 10.037106 -1.817614
v -2.894635 9.688263 -1.366134
v -5.750137 8.393774 -0.766905
v -8.041060 6.280352 -0.078584
v -9.543154 3.554873 0.631452
v -10.109382 0.484128 1.293700
v -9.684319 -2.631300 1.843333
v -8.309571 -5.486450 2.226551
v -6.119709 -7.801840 2.405841
v -3.329094 -9.350823 2.363652
v -0.210889 -9.981775 2.104116
v 2.929675 -9.632933 1.652637
v 5.785177 -8.338445 1.053408
v 8.076100 -6.225024 0.365087
v 9.578194 -3.499546 -0.344949
v 10.144421 -0.428801 -1.007196
v 9.746035 2.677086 -1.669363
v 8.365678 5.543887 -2.054145
v 6.167805 7.871302 -2.195154
v 3.364877 9.424028 -2.191806
v 0.233947 10.057555 -1.931210
v -2.919433 9.707290 -1.477888
v -5.786586 8.407518 -0.876215
v -8.077418 6.288995 -0.147296
v -9.595079 3.548874 0.527848
v -10.163618 0.465598 1.192798
v -9.736820 -2.662541 1.744674
v -8.356462 -5.529341 2.129456
v -6.149381 -7.842212 2.345776
v -3.355664 -9.409482 2.267117
v -0.224736 -10.043008 2.006521
v 2.928642 -9.692742 1.553200
v 5.796942 -8.380684 0.988636
v 8.096066 -6.270928 0.260397
v 9.604288 -3.534330 -0.452536
v 10.172827 -0.451055 -1.117486
v 6.165955 7.866148 -2.273179
v -8.096295 6.281951 -0.222874
v -6.165952 -7.866145 2.273178
v 5.794648 -8.405262 0.914416
v 9.705361 2.642489 -1.812322
v 8.328220 5.502608 -2.196207
v 6.149383 7.842215 -2.345777
v 3.339074 9.373709 -2.333548
v 0.215441 10.005758 -2.073559
v -2.930590 9.656309 -1.621294
v -5.791061 8.359568 -1.021022
v -8.095841 6.259908 -0.297919
v -9.590679 3.512245 0.379768
v -10.157892 0.436155 1.043169
v -9.732090 -2.684695 1.593759
v -8.354950 -5.544813 1.977643
v -6.167803 -7.871299 2.195153
v -3.365805 -9.415912 2.114984
v -0.242173 -10.047961 1.854995
v 2.903856 -9.698512 1.402730
v 5.778520 -8.409771 0.838013
v 8.059237 -6.284672 0.112940
v 9.563944 -3.554451 -0.598332
v 10.131157 -0.478362 -1.261732
v 6.119712 7.801844 -2.405842
v -8.076102 6.225025 -0.365087
v -6.154751 -7.857166 2.119338
v 5.750135 -8.393771 0.766905
v 9.589878 2.594050 -1.899536
v 8.227279 5.423971 -2.279368
v 6.056768 7.718902 -2.457074
v 3.290811 9.254198 -2.415258
v 0.200159 9.879574 -2.158015
v -2.912654 9.533814 -1.710525
v -5.742923 8.250765 -1.116591
v -8.013602 6.156017 -0.434352
v -9.502422 3.454623 0.269409
v -10.063647 0.411013 0.925804
v -9.642340 -2.676885 1.470581
v -8.279739 -5.506804 1.850413
v -6.109230 -7.801734 2.028118
v -3.343274 -9.337030 1.986303
v -0.252623 -9.962406 1.729060
v 2.860188 -9.616646 1.281570
v 5.690456 -8.333597 0.687636
v 7.961135 -6.238853 0.005398
v 9.449955 -3.537458 -0.698364
v 10.011180 -0.493848 -1.354759
v 9.443698 2.550273 -1.897692
v 8.101409 5.338012 -2.271862
v 5.963251 7.598735 -2.446919
v 3.238522 9.111146 -2.405727
v 0.193938 9.727201 -2.152318
v -2.872477 9.386595 -1.711498
v -5.660559 8.122669 -1.126417
v -7.897392 6.059147 -0.454348
v -9.364019 3.398019 0.238924
v -9.916878 0.399775 0.885535
v -9.501851 -2.642096 1.422192
v -8.159562 -5.429833 1.796361
v -6.021405 -7.690556 1.971418
v -3.296678 -9.202967 1.930226
v -0.252095 -9.819021 1.676817
v 2.814318 -9.478415 1.235998
v 5.602399 -8.214491 0.650917
v 7.839232 -6.150970 -0.021152
v 9.305861 -3.489842 -0.714424
v 9.858719 -0.491599 -1.361035
v 9.345655 2.529879 -1.839061
v 7.998688 5.277564 -2.176557
v 5.903054 7.523445 -2.382316
v 3.207953 9.019410 -2.341571
v 0.199154 9.606840 -2.058644
v -2.836595 9.291864 -1.654891
v -5.594359 8.041682 -1.076173
v -7.806870 6.000598 -0.411411
v -9.228337 3.364052 0.299957
v -9.773649 0.406734 0.937742
v -9.364287 -2.593616 1.467073
v -8.066190 -5.363453 1.814824
v -5.951282 -7.599593 1.987977
v -3.256183 -9.095557 1.947233
v -0.240790 -9.672575 1.718223
v 2.788362 -9.368011 1.260554
v 5.546126 -8.117830 0.681835
v 7.740090 -6.054593 0.043431
v 9.209316 -3.444556 -0.668659
v 9.756164 -0.478916 -1.308239
v 9.286924 2.527809 -1.738999
v 5.876378 7.491412 -2.316133
v 3.194736 8.969218 -2.237783
v -2.804990 9.239653 -1.556195
v -5.542305 7.998740 -0.981768
v -7.756588 5.977113 -0.356292
v -7.995806 -5.306992 1.887791
v -5.911417 -7.546735 2.029628
v -3.221467 -9.011421 2.019219
v 2.778256 -9.281856 1.337631
v 5.521453 -8.062064 0.730818
v 9.151598 -3.402324 -0.577276
v 9.694389 -0.458675 -1.212113
v 7.958353 5.265716 -2.029855
v 5.863326 7.477280 -2.240317
v 0.213815 9.564466 -1.912774
v -7.720230 5.968469 -0.287579
v -9.147200 3.365696 0.429196
v -9.688666 0.429232 1.062484
v -9.282191 -2.549961 1.588082
v -5.881745 -7.506364 2.089693
v -0.223027 -9.579005 1.837462
v 5.509688 -8.019825 0.795590
v 7.701578 -5.986534 0.174479
v 2.784245 3.942386 0.936144
v -1.173402 3.724040 2.992685
v -2.445012 2.872711 3.157681
v -3.482505 1.747524 2.998183
v -4.448532 -0.913419 1.891489
v -4.293958 -2.172997 1.020545
v -3.718258 -3.220783 0.051169
v -2.784246 -3.942384 -0.936146
v -0.197460 -4.228623 -2.506242
v 1.189813 -3.742746 -2.962717
v 2.451678 -2.880257 -3.140727
v 4.183261 -0.453362 -2.548781
v 4.336510 2.141793 -0.964537
v 3.759400 3.192143 0.007211
v 2.804152 3.928625 0.967288
v 1.600472 4.275494 1.865891
v 0.229985 4.202450 2.570881
v -3.470463 1.731009 3.031914
v -4.161455 0.417949 2.613523
v -2.771326 -3.966039 -0.907352
v -1.552840 -4.329784 -1.778919
v 2.471168 -2.902580 -3.114700
v 3.517031 -1.780045 -2.963920
v 4.491459 0.879132 -1.837612
v 2.829100 3.926107 0.997732
v -1.152905 3.717625 3.066577
v -2.433545 2.860251 3.232746
v -3.468339 1.720497 3.069869
v -4.451292 -0.952767 1.957562
v -4.295621 -2.221290 1.080433
v -3.715833 -3.276516 0.104173
v -2.766660 -3.997274 -0.883726
v -0.170032 -4.291513 -2.471400
v 1.227093 -3.802186 -2.931116
v 2.494904 -2.929946 -3.099103
v 4.241798 -0.489443 -2.514241
v 4.387881 2.136165 -0.937095
v 3.806462 3.194361 0.041913
v 2.856644 3.935078 1.024498
v 1.631405 4.285806 1.914478
v 0.250679 4.212216 2.624735
v -3.476344 1.717017 3.108331
v -4.173569 0.399443 2.667696
v -2.770704 -4.033031 -0.867582
v -1.545465 -4.383760 -1.757561
v 2.520561 -2.959678 -3.095464
v 3.562282 -1.814972 -2.951415
v 4.543989 0.864071 -1.816693
v 4.444491 2.150106 -0.932111
v 3.856679 3.219936 0.057659
v 2.896420 3.968795 1.051046
v 1.657712 4.323380 1.950810
v 0.261807 4.248981 2.668876
v -1.154654 3.752881 3.134954
v -2.453017 2.883641 3.303422
v -3.506189 1.726351 3.157789
v -4.211079 0.394292 2.712309
v -4.498687 -0.982144 2.010591
v -4.340861 -2.268222 1.121323
v -3.753050 -3.338051 0.131553
v -2.792791 -4.086909 -0.861833
v -1.554084 -4.441494 -1.761597
v -0.158179 -4.367095 -2.479663
v 1.258281 -3.870996 -2.945741
v 2.556643 -3.001757 -3.114209
v 3.609815 -1.844467 -2.968575
v 4.314706 -0.512408 -2.523096
v 4.602314 0.864028 -1.821378
v 4.505886 2.189315 -0.956908
v 3.909179 3.275332 0.047839
v 2.934391 4.035522 1.056258
v 1.676939 4.395473 1.969636
v 0.259912 4.319947 2.698567
v -1.177981 3.816341 3.171698
v -2.495989 2.933949 3.342714
v -3.565098 1.759147 3.194877
v -4.280653 0.406932 2.742657
v -4.572614 -0.990330 2.030322
v -4.412400 -2.295868 1.127598
v -3.815694 -3.381885 0.122852
v -2.840906 -4.142075 -0.885566
v -1.583455 -4.502025 -1.798945
v -0.166429 -4.426500 -2.527875
v 1.271464 -3.922894 -3.001006
v 2.589472 -3.040503 -3.172022
v 3.658580 -1.865701 -3.024186
v 4.374136 -0.513487 -2.571966
v 4.666097 0.883776 -1.859630
v 4.530118 2.227001 -0.994543
v 3.928092 3.322701 0.019162
v 2.944612 4.089669 1.036571
v 1.675950 4.452828 1.958093
v 0.246290 4.376629 2.693522
v -1.204423 3.868533 3.170871
v -2.534182 2.978275 3.343413
v -3.612822 1.792999 3.194257
v -4.334756 0.428728 2.738006
v -4.629321 -0.980992 2.019319
v -4.467678 -2.298169 1.108547
v -3.865653 -3.393868 0.094843
v -2.882173 -4.160836 -0.922565
v -1.613511 -4.523994 -1.844087
v -0.183852 -4.447797 -2.579516
v 1.266860 -3.939700 -3.056865
v 2.596619 -3.049442 -3.229406
v 3.675259 -1.864167 -3.080251
v 4.397195 -0.499897 -2.624000
v 4.691758 0.909823 -1.905313
v 4.525462 2.262464 -1.040852
v 3.920979 3.362634 -0.023012
v 2.939946 4.120904 1.012946
v 1.659648 4.497372 1.923830
v 0.224154 4.420863 2.662261
v -1.232478 3.910694 3.141557
v -2.567663 3.016802 3.314803
v -3.640312 1.816240 3.178142
v -4.375585 0.456853 2.706926
v -4.671350 -0.958619 1.985307
v -4.509048 -2.281171 1.070819
v -3.904565 -3.381341 0.052978
v -2.907120 -4.158318 -0.953010
v -1.643235 -4.516078 -1.893863
v -0.207743 -4.439569 -2.632293
v 1.248889 -3.929400 -3.111589
v 2.590741 -3.043056 -3.267880
v 3.667114 -1.845398 -3.135071
v 4.391995 -0.475561 -2.676958
v 4.687761 0.939911 -1.955339
v 2.927027 4.144559 0.984152
v -3.661095 1.837141 3.151936
v -2.927027 -4.144557 -0.984153
v 2.577405 -3.027963 -3.301790
v 4.482911 2.293669 -1.096862
v 3.879837 3.391276 -0.081393
v 2.907120 4.158320 0.953008
v 1.623776 4.523369 1.860911
v 0.191628 4.447039 2.597621
v -1.261609 3.938058 3.075800
v -2.593683 3.046250 3.248642
v -3.673138 1.853655 3.118205
v -4.397391 0.492267 2.642182
v -4.692468 -0.919907 1.922245
v -4.530544 -2.239376 1.009888
v -3.927470 -3.336982 -0.005581
v -2.939947 -4.120902 -1.012947
v -1.671410 -4.469075 -1.947885
v -0.239262 -4.392745 -2.684594
v 1.213974 -3.883765 -3.162773
v 2.557915 -3.005640 -3.327817
v 3.626564 -1.804619 -3.186201
v 4.349756 -0.437975 -2.729155
v 4.644833 0.974199 -2.009218
v 2.882173 4.160838 0.922564
v -3.675261 1.864167 3.080250
v -2.944613 -4.089667 -1.036573
v 2.534179 -2.978274 -3.343413
v 4.412401 2.295869 -1.127600
v 3.815694 3.381887 -0.122853
v 2.840905 4.142076 0.885565
v 1.583454 4.502027 1.798943
v 0.166427 4.426501 2.527874
v -1.271466 3.922895 3.001005
v -2.589475 3.040504 3.172022
v -3.658583 1.865701 3.024184
v -4.374138 0.513487 2.571965
v -4.666099 -0.883776 1.859629
v -4.505885 -2.189314 0.956905
v -3.909179 -3.275331 -0.047841
v -2.934391 -4.035521 -1.056259
v -1.676939 -4.395471 -1.969637
v -0.259914 -4.319945 -2.698568
v 1.177979 -3.816339 -3.171698
v 2.495987 -2.933948 -3.342715
v 3.565095 -1.759147 -3.194878
v 4.280652 -0.406933 -2.742659
v 4.572612 0.990330 -2.030323
v 4.340862 2.268223 -1.121326
v 3.753050 3.338053 -0.131555
v 2.792791 4.086912 0.861832
v 1.554083 4.441496 1.761596
v 0.158178 4.367097 2.479662
v -1.258283 3.870997 2.945740
v -2.556645 3.001758 3.114208
v -3.609818 1.844467 2.968574
v -4.314708 0.512408 2.523095
v -4.602316 -0.864028 1.821377
v -4.444490 -2.150105 0.932109
v -3.856679 -3.219935 -0.057661
v -2.896420 -3.968793 -1.051048
v -1.657713 -4.323378 -1.950812
v -0.261808 -4.248979 -2.668877
v 1.154652 -3.752880 -3.134955
v 2.453014 -2.883641 -3.303423
v 3.506186 -1.726350 -3.157790
v 4.211077 -0.394292 -2.712311
v 4.498685 0.982144 -2.010592
v 4.295622 2.221291 -1.080435
v 3.715833 3.276517 -0.104175
v 2.770704 4.033033 0.867580
v 1.546882 4.364899 1.763135
v 0.170031 4.291515 2.471399
v -1.236320 3.819466 2.928828
v -2.520564 2.959679 3.095464
v -3.562284 1.814972 2.951414
v -4.241799 0.489443 2.514239
v -4.543990 -0.864071 1.816691
v -4.387880 -2.136164 0.937093
v -3.806461 -3.194360 -0.041914
v -2.856645 -3.935076 -1.024499
v -1.621073 -4.280335 -1.898598
v -0.250681 -4.212214 -2.624736
v 1.150377 -3.721510 -3.085747
v 2.434621 -2.861723 -3.252382
v 3.472339 -1.718757 -3.089101
v 4.173567 -0.399443 -2.667697
v 4.451291 0.952767 -1.957564
v 2.766660 3.997276 0.883725
v -1.208317 3.769675 2.941501
v -2.483038 2.916264 3.106901
v -3.530779 1.791666 2.955861
v -4.491461 -0.879132 1.837610
v -4.336509 -2.141792 0.964535
v -3.759400 -3.192141 -0.007213
v -2.829100 -3.926105 -0.997734
v -0.229986 -4.202448 -2.570882
v 1.160682 -3.715382 -3.028474
v 2.432464 -2.858778 -3.213111
v 4.161454 -0.417949 -2.613525
v 4.293959 2.172998 -1.020547
v 3.718258 3.220784 -0.051171
v 2.771326 3.966041 0.907351
v 1.564601 4.301492 1.802972
v 0.197459 4.228625 2.506242
v -3.503289 1.768425 2.971977
v -4.183263 0.453362 2.548780
v -2.804153 -3.928623 -0.967289
v -1.581015 -4.282782 -1.832941
v 2.438342 -2.865164 -3.174637
v 3.476481 -1.739266 -3.015049
v 4.448530 0.913419 -1.891491
v 2.850042 -1.516170 0.399026
v 1.840959 -2.460586 -1.060043
v -0.775861 -2.083453 -2.374448
v -1.616657 -1.510166 -2.384651
v -2.302653 -0.795594 -2.152238
v -2.755146 0.011514 -1.729098
v -2.839190 1.531776 -0.416408
v -1.840960 2.460585 1.060040
v -1.034524 2.595434 1.665596
v -0.130562 2.467640 2.115285
v 0.786711 2.099060 2.357065
v 1.621063 1.517018 2.374468
v 2.309522 0.803897 2.144896
v 2.765996 0.004093 1.711715
v 2.485737 -2.078100 -0.369358
v 1.854122 -2.448067 -1.078754
v 1.058241 -2.571316 -1.703606
v 0.152067 -2.443209 -2.154396
v -2.294690 -0.780985 -2.172319
v -2.938285 0.827762 -1.146780
v -2.454242 2.123393 0.318916
v -1.832418 2.479280 1.043990
v 1.633950 1.534528 2.360068
v 2.969778 -0.782468 1.096337
v 2.889344 -1.499522 0.371330
v 1.870617 -2.442949 -1.098294
v -0.762308 -2.070834 -2.421839
v -1.609075 -1.493476 -2.432115
v -2.293287 -0.769804 -2.195837
v -2.755649 0.039010 -1.771906
v -2.840290 1.570068 -0.449894
v -1.829333 2.502321 1.032172
v -1.022808 2.641280 1.646895
v -0.112427 2.512578 2.099778
v 0.811360 2.141380 2.343274
v 1.649644 1.554133 2.353037
v 2.344985 0.837020 2.129598
v 2.804701 0.031537 1.693341
v 2.516854 -2.075581 -0.392212
v 1.888829 -2.445734 -1.116750
v 1.078694 -2.572482 -1.736427
v 0.165750 -2.443418 -2.190584
v -2.298579 -0.763143 -2.220489
v -2.947689 0.851991 -1.175441
v -2.460031 2.157300 0.301205
v -1.832006 2.527453 1.025742
v 1.666610 1.573912 2.354063
v 3.004511 -0.770270 1.084434
v 2.938723 -1.506765 0.361426
v 2.550058 -2.090438 -0.405389
v 1.915129 -2.464660 -1.137892
v 1.096088 -2.592802 -1.764381
v 0.173108 -2.462319 -2.223531
v -0.763464 -2.085984 -2.470398
v -1.621949 -1.500636 -2.480815
v -2.318313 -0.763572 -2.253765
v -2.784391 0.053058 -1.811471
v -2.974559 0.869317 -1.197228
v -2.870204 1.605305 -0.471163
v -2.481539 2.188977 0.295651
v -1.846611 2.563199 1.028154
v -1.027570 2.691341 1.654643
v -0.104590 2.560858 2.113793
v 0.831982 2.184523 2.360660
v 1.690467 1.599175 2.371078
v 2.386831 0.862112 2.144027
v 2.852908 0.045482 1.701732
v 3.043077 -0.770777 1.087490
v 2.979317 -1.535133 0.373096
v 2.584772 -2.127637 -0.405321
v 1.940236 -2.507522 -1.148909
v 1.108801 -2.637602 -1.784877
v 0.171855 -2.505145 -2.250975
v -0.778888 -2.123116 -2.501577
v -1.650363 -1.528911 -2.512152
v -2.357264 -0.780694 -2.281665
v -2.830394 0.048293 -1.832679
v -3.023440 0.876903 -1.209142
v -2.917505 1.624027 -0.472092
v -2.522960 2.216530 0.306325
v -1.878424 2.596415 1.049912
v -1.046990 2.726495 1.685881
v -0.110044 2.594038 2.151978
v 0.840699 2.212009 2.402580
v 1.712173 1.617804 2.413156
v 2.419074 0.869588 2.182669
v 2.892204 0.040602 1.733683
v 3.085250 -0.788008 1.110146
v 2.995340 -1.563976 0.393301
v 2.597277 -2.161762 -0.392056
v 1.946994 -2.545034 -1.142273
v 1.108147 -2.676274 -1.783912
v 0.162848 -2.542636 -2.254165
v -0.796372 -2.157201 -2.507001
v -1.675617 -1.557698 -2.517670
v -2.388819 -0.802811 -2.285129
v -2.866167 0.033566 -1.832140
v -3.060934 0.869564 -1.203044
v -2.954055 1.623349 -0.459422
v -2.555992 2.221135 0.325935
v -1.905710 2.604406 1.076151
v -1.066864 2.735647 1.717790
v -0.121564 2.602008 2.188043
v 0.837655 2.216574 2.440879
v 1.716899 1.617071 2.451549
v 2.430102 0.862184 2.219007
v 2.907450 0.025807 1.766018
v 3.102217 -0.810191 1.136922
v 2.992261 -1.592362 0.419410
v 2.592574 -2.192587 -0.369152
v 1.943909 -2.568075 -1.130455
v 1.097368 -2.709198 -1.766686
v 0.148212 -2.575015 -2.238858
v -0.814922 -2.188007 -2.492726
v -1.697754 -1.586058 -2.503439
v -2.406996 -0.819788 -2.277289
v -2.893163 0.011699 -1.815111
v -3.088725 0.851108 -1.183449
v -2.981409 1.607968 -0.436792
v -2.581722 2.208193 0.351769
v -1.922205 2.599288 1.095691
v -1.086517 2.724805 1.749303
v -0.137361 2.590621 2.221475
v 0.825772 2.203614 2.475343
v 1.713013 1.608517 2.475876
v 2.424717 0.843698 2.252566
v 2.904013 0.003908 1.797728
v 3.099574 -0.835501 1.166065
v 1.935367 -2.586770 -1.114405
v -2.420738 -0.836394 -2.262609
v -1.935368 2.586769 1.114401
v 1.704195 1.594813 2.496236
v 2.964127 -1.619083 0.452322
v 2.565371 -2.217910 -0.334402
v 1.922204 -2.599290 -1.095694
v 1.073650 -2.733317 -1.728680
v 0.126705 -2.599446 -2.199751
v -0.834184 -2.213341 -2.453027
v -1.714959 -1.612794 -2.463716
v -2.428701 -0.851003 -2.242528
v -2.907582 -0.018760 -1.776991
v -3.102688 0.818692 -1.146801
v -2.995623 1.573789 -0.401885
v -2.596867 2.172615 0.384839
v -1.943910 2.568074 1.130452
v -1.105147 2.688022 1.779116
v -0.158202 2.554152 2.250187
v 0.802686 2.168046 2.503463
v 1.691308 1.577302 2.510636
v 2.397905 0.811300 2.281206
v 2.876084 -0.026533 1.827428
v 3.071190 -0.863986 1.197237
v 1.905709 -2.604407 -1.076154
v -2.430104 -0.862185 -2.219010
v -1.946995 2.545033 1.142270
v 1.675614 1.557698 2.517667
v 2.917505 -1.624027 0.472089
v 2.522959 -2.216531 -0.306328
v 1.878423 -2.596416 -1.049915
v 1.046988 -2.726496 -1.685884
v 0.110042 -2.594039 -2.151982
v -0.840701 -2.212010 -2.402584
v -1.712176 -1.617805 -2.413159
v -2.419077 -0.869588 -2.182672
v -2.892206 -0.040602 -1.733686
v -3.085253 0.788009 -1.110149
v -2.979318 1.535132 -0.373098
v -2.584773 2.127636 0.405319
v -1.940237 2.507521 1.148905
v -1.108803 2.637601 1.784874
v -0.171857 2.505144 2.250972
v 0.778886 2.123115 2.501574
v 1.650361 1.528910 2.512149
v 2.357261 0.780694 2.281662
v 2.830391 -0.048293 1.832676
v 3.023437 -0.876903 1.209139
v 2.870203 -1.605306 0.471161
v 2.481538 -2.188977 -0.295654
v 1.846609 -2.563200 -1.028157
v 1.027568 -2.691341 -1.654646
v 0.104588 -2.560858 -2.113796
v -0.831984 -2.184524 -2.360663
v -1.690469 -1.599176 -2.371080
v -2.386833 -0.862112 -2.144030
v -2.852911 -0.045482 -1.701735
v -3.043079 0.770777 -1.087493
v -2.938724 1.506765 -0.361428
v -2.550059 2.090436 0.405386
v -1.915131 2.464659 1.137889
v -1.096090 2.592801 1.764378
v -0.173110 2.462318 2.223528
v 0.763462 2.085983 2.470395
v 1.621947 1.500636 2.480812
v 2.318310 0.763572 2.253762
v 2.784388 -0.053058 1.811467
v 2.974556 -0.869317 1.197225
v 2.844468 -1.579976 0.457269
v 2.456930 -2.145774 -0.306456
v 1.832005 -2.527454 -1.025746
v 1.022807 -2.641280 -1.646898
v 0.112425 -2.512579 -2.099781
v -0.817462 -2.152896 -2.343762
v -1.666612 -1.573913 -2.354066
v -2.355404 -0.844864 -2.129484
v -2.816413 -0.037113 -1.692000
v -2.992276 0.773580 -1.087486
v -2.901293 1.498255 -0.366267
v -2.505986 2.075226 0.385015
v -1.888830 2.445733 1.116747
v -1.078696 2.572481 1.736424
v -0.165752 2.443417 2.190581
v 0.760635 2.071175 2.434763
v 1.609785 1.492192 2.445068
v 2.298577 0.763143 2.220486
v 2.759586 -0.044607 1.783001
v 2.943219 -0.844127 1.166045
v 2.835829 -1.550349 0.433933
v 1.829331 -2.502323 -1.032175
v -0.798947 -2.119021 -2.346327
v -1.641800 -1.544331 -2.356555
v -2.334572 -0.829177 -2.129718
v -2.783075 -0.018928 -1.699398
v -2.867325 1.505055 -0.383496
v -1.870618 2.442948 1.098291
v -1.058243 2.571315 1.703603
v -0.152069 2.443208 2.154392
v 0.767449 2.073726 2.396764
v 1.608359 1.494760 2.419155
v 2.293986 0.775394 2.184075
v 2.751577 -0.026366 1.749835
v 2.458534 -2.103422 -0.334608
v 1.832417 -2.479281 -1.043993
v 1.034523 -2.595435 -1.665599
v 0.130560 -2.467641 -2.115288
v -2.316396 -0.812200 -2.137559
v -2.952248 0.795347 -1.110132
v -2.469387 2.087814 0.351986
v -1.854123 2.448066 1.078751
v 1.612245 1.503314 2.394828
v 2.941393 -0.810954 1.127509