vn -0.246720 -0.789491 -0.561990
vn -0.096225 -0.890847 -0.443995
vn -0.281292 -0.835464 -0.472095
vn -0.276008 -0.884376 -0.376429
vn -0.230633 -0.928712 -0.290347
vn -0.140671 -0.961138 -0.237542
vn 0.063393 -0.948529 -0.310281
vn -0.069675 -0.983873 -0.164743
vn 0.023936 -0.989041 -0.145687
vn 0.149841 -0.977718 -0.147020
vn 0.220148 -0.946162 -0.237302
vn 0.224601 -0.874033 -0.430838
vn 0.301414 -0.919971 -0.250604
vn 0.361706 -0.876174 -0.318572
vn 0.388041 -0.828213 -0.404335
vn 0.375169 -0.784103 -0.494400
vn 0.308307 -0.759055 -0.573395
vn 0.066928 -0.800234 -0.595942
vn 0.267015 -0.707111 -0.654750
vn 0.193462 -0.676098 -0.710960
vn 0.090695 -0.665429 -0.740931
vn -0.016255 -0.676629 -0.736145
vn -0.110838 -0.707108 -0.698364
vn -0.169457 -0.761415 -0.625725
vn -0.443900 -0.681229 -0.582134
vn -0.480605 -0.759775 -0.437906
vn -0.464877 -0.836833 -0.289135
vn -0.398257 -0.904863 -0.150383
vn -0.287971 -0.957482 -0.017350
vn -0.146730 -0.988562 0.034856
vn 0.079293 -0.996702 -0.017265
vn 0.254478 -0.965354 -0.057736
vn 0.418876 -0.896373 -0.145115
vn 0.492382 -0.834443 -0.247518
vn 0.523297 -0.766155 -0.373051
vn 0.501890 -0.707417 -0.497662
vn 0.441278 -0.647919 -0.620866
vn 0.395944 -0.542691 -0.740753
vn 0.242839 -0.490279 -0.837052
vn 0.101120 -0.485964 -0.868109
vn -0.078205 -0.509830 -0.856713
vn -0.232346 -0.549825 -0.802314
vn -0.358356 -0.608885 -0.707700
vn 0.038354 -0.992073 0.119663
vn 0.189803 -0.973630 0.126571
vn 0.400713 -0.908764 0.116516
vn 0.544460 -0.837329 0.049432
vn 0.664385 -0.738244 -0.116569
vn 0.707141 -0.638593 -0.303561
vn 0.610706 -0.604508 -0.511477
vn 0.572077 -0.529492 -0.626392
vn -0.667745 -0.483564 -0.565934
vn -0.718067 -0.595076 -0.360921
vn -0.693969 -0.704216 -0.149958
vn -0.602984 -0.794705 0.069673
vn -0.450560 -0.865595 0.218495
vn -0.200276 -0.953344 0.225889
vn 0.012618 -0.952363 0.304705
vn 0.263255 -0.916868 0.300084
vn 0.473001 -0.782016 0.405859
vn 0.764345 -0.439743 -0.471596
vn 0.615900 -0.406956 -0.674577
vn 0.484282 -0.338320 -0.806852
vn 0.333809 -0.208860 -0.919211
vn 0.091850 -0.221775 -0.970762
vn -0.165068 -0.230410 -0.958991
vn -0.364542 -0.286355 -0.886065
vn -0.547930 -0.380596 -0.744929
vn -0.251658 -0.881694 0.399103
vn 0.014367 -0.851164 0.524703
vn 0.271902 -0.865811 0.420048
vn 0.694403 -0.672076 0.257137
vn 0.829515 -0.555879 0.053883
vn 0.896022 -0.414173 -0.160017
vn 0.738435 -0.189775 -0.647070
vn 0.546029 -0.182443 -0.817659
vn -0.846414 -0.212754 -0.488179
vn -0.906545 -0.349199 -0.237141
vn -0.870227 -0.492629 0.004576
vn -0.745838 -0.613181 0.260260
vn -0.514222 -0.765708 0.386350
vn -0.323349 -0.715018 0.619834
vn 0.206971 -0.770393 0.603040
vn 0.922250 -0.144203 -0.358694
vn 0.588255 0.042381 -0.807565
vn 0.312235 -0.011662 -0.949933
vn 0.062545 0.013841 -0.997946
vn -0.194203 0.090876 -0.976743
vn -0.471409 -0.011285 -0.881842
vn -0.703062 -0.101436 -0.703857
vn -0.600119 -0.626909 0.496832
vn -0.055695 -0.496514 0.866240
vn 0.310235 -0.624407 0.716848
vn 0.567655 -0.613160 0.549366
vn 0.766145 -0.438792 0.469557
vn 0.920091 -0.311598 0.237361
vn 0.991403 -0.129765 -0.016757
vn 0.822041 0.229020 -0.521343
vn 0.370458 0.165875 -0.913918
vn 0.087117 0.211460 -0.973496
vn -0.932205 0.129051 -0.338143
vn -0.995595 -0.059241 -0.072670
vn -0.931574 -0.340959 0.126166
vn -0.814855 -0.434330 0.383886
vn -0.629623 -0.449912 0.633367
vn -0.391380 -0.338122 0.855859
vn 0.514131 -0.486312 0.706519
vn 0.957198 0.254320 -0.138179
vn 0.589765 0.331047 -0.736604
vn 0.340873 0.310349 -0.887406
vn 0.055672 0.454125 -0.889197
vn -0.277756 0.275216 -0.920385
vn -0.536361 0.215814 -0.815930
vn -0.776780 0.169729 -0.606470
vn -0.960381 -0.133718 0.244517
vn -0.833670 -0.304130 0.460977
vn 0.272879 -0.309784 0.910808
vn 0.580944 -0.350228 0.734741
vn 0.774617 -0.183917 0.605098
vn 0.924014 -0.046033 0.379578
vn 0.962386 0.185524 0.198481
vn 0.382271 0.527020 -0.759025
vn -0.274950 0.502533 -0.819673
vn -0.565330 0.465399 -0.681033
vn -0.838936 -0.165719 0.518385
vn -0.654047 -0.155353 0.740330
vn 0.513392 -0.148660 0.845180
vn 0.624606 0.524942 -0.578190
vn -0.779845 0.380307 -0.497201
vn -0.890205 0.427701 -0.156864
vn -0.953841 0.281830 0.103724
vn -0.914950 0.154043 0.373012
vn -0.812688 -0.016398 0.582468
vn 0.724088 0.022806 0.689331
vn 0.857464 0.161539 0.488529
vn 0.787873 0.527098 -0.318471
vn 0.558709 0.657906 -0.504979
vn 0.301541 0.731078 -0.612044
vn 0.020367 0.762014 -0.647241
vn -0.290965 0.738131 -0.608689
vn -0.752681 0.494349 -0.434845
vn -0.768111 0.131472 0.626674
vn -0.576781 0.027191 0.816446
vn -0.340871 0.033940 0.939497
vn -0.079753 0.011915 0.996743
vn 0.217228 0.063431 0.974058
vn 0.487191 0.043470 0.872213
vn 0.663968 0.191285 0.722881
vn 0.805749 0.310616 0.504267
vn 0.874337 0.411359 0.257524
vn 0.844122 0.535841 0.018232
vn 0.711002 0.674962 -0.197239
vn 0.498035 0.813779 -0.299542
vn -0.529135 0.725871 -0.439463
vn -0.724522 0.619444 -0.302252
vn -0.752638 0.657343 0.037890
vn -0.803109 0.540001 0.251825
vn -0.773152 0.436777 0.459850
vn -0.663277 0.339715 0.666826
vn -0.541398 0.195620 0.817692
vn 0.405950 0.231189 0.884170
vn 0.538737 0.393325 0.745022
vn 0.669631 0.499469 0.549659
vn 0.730134 0.593969 0.337794
vn 0.700794 0.702134 0.126079
vn 0.635680 0.765363 -0.100653
vn 0.221026 0.910500 -0.349481
vn -0.013844 0.927352 -0.373935
vn -0.235861 0.913058 -0.332709
vn -0.669509 0.717473 -0.192330
vn -0.479583 0.342736 0.807795
vn -0.291350 0.298865 0.908732
vn -0.079788 0.283746 0.955574
vn 0.144242 0.316933 0.937415
vn 0.314838 0.392047 0.864393
vn 0.552870 0.833234 0.007494
vn 0.357809 0.931534 -0.064934
vn -0.432259 0.888081 -0.156411
vn -0.598703 0.797203 -0.077602
vn -0.552963 0.805491 0.213112
vn -0.591513 0.720957 0.361016
vn -0.570183 0.644513 0.509406
vn -0.498316 0.583416 0.641332
vn -0.376880 0.539264 0.753098
vn -0.227697 0.507743 0.830874
vn -0.060939 0.431562 0.900023
vn 0.081599 0.526938 0.845978
vn 0.247603 0.564353 0.787527
vn 0.369614 0.616098 0.695563
vn 0.460418 0.690742 0.557576
vn 0.500913 0.758460 0.416923
vn 0.469327 0.839367 0.274216
vn 0.434807 0.894784 0.101513
vn 0.130288 0.990371 -0.046808
vn -0.039093 0.995709 -0.083883
vn -0.190763 0.980432 -0.048605
vn -0.517874 0.854529 0.039836
vn -0.088389 0.583595 0.807220
vn 0.321177 0.927525 0.191162
vn 0.232525 0.965301 0.118856
vn -0.315242 0.947138 0.059596
vn -0.395448 0.904987 0.156903
vn -0.386360 0.860830 0.331205
vn -0.409355 0.808670 0.422471
vn -0.391653 0.760539 0.517869
vn -0.336618 0.723587 0.602586
vn -0.255530 0.701062 0.665745
vn -0.186317 0.699949 0.689461
vn -0.064039 0.692094 0.718961
vn 0.038559 0.704369 0.708786
vn 0.135158 0.715977 0.684915
vn 0.216543 0.749670 0.625383
vn 0.267616 0.796096 0.542783
vn 0.279251 0.848485 0.449547
vn 0.249011 0.895292 0.369385
vn 0.180358 0.935080 0.305116
vn 0.126848 0.971060 0.202365
vn 0.047580 0.987606 0.149570
vn -0.058503 0.988791 0.137369
vn -0.137770 0.976240 0.167258
vn -0.241139 0.943626 0.226766
vn -0.325681 0.905741 0.271229
vn -0.225723 0.855715 0.465618
vn -0.137202 0.793148 0.593373
vn -0.046571 0.796087 0.603387
vn 0.085917 0.852195 0.516122
vn 0.010626 0.947306 0.320154
vn -0.125243 0.937905 0.323495
vn 0.066375 -0.885762 -0.459370
vn -0.066161 0.880227 0.469918
vn -0.257577 -0.783896 -0.564944
vn -0.078036 -0.845956 -0.527513
vn -0.277632 -0.835816 -0.473636
vn -0.232281 -0.892905 -0.385703
vn 0.037175 -0.943307 -0.329832
vn -0.217609 -0.929498 -0.297791
vn -0.159478 -0.963106 -0.216779
vn -0.073224 -0.984985 -0.156341
vn 0.023244 -0.989664 -0.141512
vn 0.149522 -0.977739 -0.147209
vn 0.223731 -0.949734 -0.218975
vn 0.281995 -0.922074 -0.265063
vn 0.227226 -0.875091 -0.427299
vn 0.359094 -0.876722 -0.320016
vn 0.385567 -0.829064 -0.404958
vn 0.351519 -0.790561 -0.501446
vn 0.139670 -0.797696 -0.586663
vn 0.332193 -0.745318 -0.578056
vn 0.275944 -0.697100 -0.661745
vn 0.196171 -0.671873 -0.714215
vn 0.091556 -0.670417 -0.736315
vn -0.010828 -0.704227 -0.709893
vn -0.111597 -0.708729 -0.696598
vn -0.198825 -0.739361 -0.643284
vn -0.443900 -0.681228 -0.582135
vn -0.480604 -0.759775 -0.437906
vn -0.464877 -0.836834 -0.289135
vn -0.398257 -0.904863 -0.150383
vn -0.287970 -0.957482 -0.017351
vn -0.146729 -0.988562 0.034855
vn 0.079293 -0.996702 -0.017265
vn 0.254478 -0.965354 -0.057736
vn 0.418876 -0.896373 -0.145115
vn 0.492381 -0.834443 -0.247518
vn 0.531396 -0.755641 -0.382918
vn 0.478439 -0.709373 -0.517578
vn 0.441132 -0.647956 -0.620931
vn 0.395944 -0.542692 -0.740752
vn 0.242838 -0.490280 -0.837052
vn 0.101120 -0.485964 -0.868109
vn -0.078205 -0.509831 -0.856713
vn -0.232345 -0.549826 -0.802314
vn -0.358355 -0.608885 -0.707701
vn 0.038354 -0.992074 0.119663
vn 0.189803 -0.973630 0.126571
vn 0.400713 -0.908765 0.116516
vn 0.544459 -0.837329 0.049432
vn 0.686482 -0.711568 -0.149711
vn 0.665805 -0.623089 -0.410444
vn 0.572031 -0.529321 -0.626578
vn -0.667746 -0.483564 -0.565934
vn -0.718067 -0.595077 -0.360921
vn -0.693968 -0.704216 -0.149958
vn -0.602984 -0.794705 0.069673
vn -0.450560 -0.865596 0.218495
vn -0.200275 -0.953344 0.225889
vn 0.012618 -0.952363 0.304705
vn 0.263254 -0.916868 0.300083
vn 0.469508 -0.781258 0.411337
vn 0.763025 -0.437868 -0.475463
vn 0.615900 -0.406956 -0.674577
vn 0.484282 -0.338320 -0.806852
vn 0.333809 -0.208861 -0.919211
vn 0.091851 -0.221776 -0.970762
vn -0.165067 -0.230410 -0.958991
vn -0.403060 -0.257078 -0.878325
vn -0.535853 -0.350177 -0.768270
vn -0.251658 -0.881694 0.399103
vn 0.014367 -0.851164 0.524703
vn 0.271902 -0.865811 0.420048
vn 0.694402 -0.672076 0.257137
vn 0.828316 -0.559957 0.018460
vn 0.876147 -0.451666 -0.168415
vn 0.738434 -0.189775 -0.647070
vn 0.546029 -0.182443 -0.817659
vn -0.846414 -0.212753 -0.488179
vn -0.906545 -0.349199 -0.237141
vn -0.870227 -0.492630 0.004575
vn -0.745838 -0.613181 0.260260
vn -0.514222 -0.765708 0.386350
vn -0.323349 -0.715018 0.619835
vn 0.216737 -0.760633 0.611934
vn 0.922250 -0.144202 -0.358694
vn 0.588254 0.042381 -0.807565
vn 0.312235 -0.011661 -0.949933
vn 0.062544 0.013841 -0.997946
vn -0.216625 0.101521 -0.970962
vn -0.505585 0.130497 -0.852851
vn -0.690119 -0.118613 -0.713909
vn -0.600119 -0.626909 0.496833
vn -0.052904 -0.482557 0.874265
vn 0.327225 -0.574199 0.750479
vn 0.561066 -0.615697 0.553283
vn 0.766145 -0.438791 0.469557
vn 0.920090 -0.311598 0.237361
vn 0.991403 -0.129765 -0.016757
vn 0.822041 0.229020 -0.521343
vn 0.370458 0.165876 -0.913918
vn 0.087117 0.211460 -0.973496
vn -0.932205 0.129051 -0.338142
vn -0.995595 -0.059241 -0.072670
vn -0.931574 -0.340959 0.126166
vn -0.814855 -0.434330 0.383886
vn -0.629623 -0.449911 0.633368
vn -0.391380 -0.338122 0.855860
vn 0.559538 -0.488096 0.669835
vn 0.957198 0.254321 -0.138179
vn 0.589764 0.331047 -0.736605
vn 0.340873 0.310349 -0.887406
vn 0.055672 0.454125 -0.889197
vn -0.245469 0.303863 -0.920550
vn -0.776810 0.169777 -0.606417
vn -0.960381 -0.133718 0.244517
vn -0.833670 -0.304130 0.460977
vn 0.552527 -0.353182 0.754968
vn 0.774617 -0.183917 0.605098
vn 0.924014 -0.046033 0.379578
vn 0.962386 0.185524 0.198482
vn 0.382271 0.527020 -0.759025
vn -0.274936 0.502594 -0.819640
vn -0.565341 0.465492 -0.680960
vn -0.838936 -0.165720 0.518385
vn -0.654047 -0.155352 0.740330
vn 0.245944 -0.240423 0.938993
vn 0.512765 -0.144049 0.846358
vn 0.624605 0.524943 -0.578190
vn -0.779845 0.380307 -0.497201
vn -0.890205 0.427701 -0.156864
vn -0.953841 0.281830 0.103724
vn -0.914949 0.154043 0.373012
vn -0.812689 -0.016398 0.582467
vn 0.724088 0.022807 0.689330
vn 0.857464 0.161538 0.488530
vn 0.787872 0.527099 -0.318471
vn 0.558708 0.657907 -0.504979
vn 0.301541 0.731078 -0.612044
vn 0.020367 0.762013 -0.647241
vn -0.290964 0.738130 -0.608690
vn -0.752681 0.494349 -0.434844
vn -0.768111 0.131472 0.626674
vn -0.576781 0.027192 0.816446
vn -0.340871 0.033940 0.939497
vn -0.083465 0.017131 0.996364
vn 0.220880 0.073529 0.972525
vn 0.487191 0.043470 0.872213
vn 0.663968 0.191285 0.722881
vn 0.805749 0.310615 0.504268
vn 0.874337 0.411359 0.257523
vn 0.844122 0.535842 0.018233
vn 0.711001 0.674962 -0.197239
vn 0.498035 0.813779 -0.299542
vn -0.529135 0.725871 -0.439462
vn -0.724522 0.619444 -0.302252
vn -0.752638 0.657343 0.037891
vn -0.803109 0.540000 0.251825
vn -0.773152 0.436777 0.459850
vn -0.663278 0.339715 0.666826
vn -0.541399 0.195620 0.817692
vn 0.405951 0.231189 0.884170
vn 0.538738 0.393324 0.745022
vn 0.669631 0.499468 0.549659
vn 0.730134 0.593969 0.337794
vn 0.700794 0.702134 0.126079
vn 0.635680 0.765363 -0.100653
vn 0.221026 0.910500 -0.349482
vn -0.013844 0.927351 -0.373936
vn -0.235860 0.913057 -0.332710
vn -0.669508 0.717473 -0.192330
vn -0.479583 0.342736 0.807794
vn -0.291350 0.298865 0.908732
vn -0.079788 0.283747 0.955574
vn 0.144242 0.316934 0.937415
vn 0.314839 0.392047 0.864393
vn 0.552870 0.833234 0.007494
vn 0.357809 0.931534 -0.064934
vn -0.432258 0.888081 -0.156410
vn -0.598703 0.797203 -0.077602
vn -0.552964 0.805490 0.213112
vn -0.591514 0.720957 0.361016
vn -0.570183 0.644513 0.509406
vn -0.498316 0.583416 0.641332
vn -0.376880 0.539265 0.753097
vn -0.227697 0.507743 0.830874
vn -0.060939 0.431563 0.900022
vn 0.081598 0.526938 0.845978
vn 0.247603 0.564354 0.787526
vn 0.369613 0.616099 0.695563
vn 0.460417 0.690742 0.557577
vn 0.500912 0.758460 0.416923
vn 0.469327 0.839367 0.274216
vn 0.434807 0.894784 0.101512
vn 0.130288 0.990371 -0.046808
vn -0.039093 0.995709 -0.083883
vn -0.190763 0.980432 -0.048605
vn -0.517874 0.854529 0.039837
vn -0.088389 0.583595 0.807221
vn 0.321177 0.927525 0.191162
vn 0.232525 0.965301 0.118855
vn -0.315241 0.947138 0.059597
vn -0.395448 0.904987 0.156902
vn -0.384167 0.861858 0.331083
vn -0.378649 0.821267 0.426786
vn -0.387607 0.762125 0.518580
vn -0.341270 0.719449 0.604920
vn -0.262376 0.692751 0.671755
vn -0.180246 0.695149 0.695902
vn -0.064040 0.692094 0.718961
vn 0.037272 0.701877 0.711322
vn 0.137528 0.712981 0.687564
vn 0.217466 0.748729 0.626190
vn 0.264767 0.797175 0.542596
vn 0.272898 0.850148 0.450306
vn 0.229751 0.896686 0.378378
vn 0.199709 0.938620 0.281262
vn 0.129046 0.971242 0.200089
vn 0.047439 0.987414 0.150878
vn -0.058647 0.988159 0.141781
vn -0.134477 0.976428 0.168831
vn -0.239234 0.947094 0.213965
vn -0.333944 0.905440 0.262029
vn -0.214658 0.902452 0.373500
vn -0.218590 0.818795 0.530841
vn -0.126475 0.791904 0.597405
vn -0.049924 0.794943 0.604626
vn 0.080296 0.839568 0.537288
vn 0.029561 0.942263 0.333565
vn -0.110718 0.943008 0.313810
vn 0.071517 -0.879880 -0.469784
vn -0.075375 0.879495 0.469901
vn -0.255566 -0.785265 -0.563955
vn -0.094828 -0.866239 -0.490549
vn -0.283673 -0.834433 -0.472495
vn -0.270369 -0.884940 -0.379184
vn -0.207038 -0.929604 -0.304913
vn -0.012014 -0.945003 -0.326841
vn -0.161272 -0.963205 -0.215008
vn -0.072474 -0.984447 -0.160036
vn 0.036039 -0.984056 -0.174169
vn 0.181181 -0.917967 -0.352859
vn 0.149337 -0.976467 -0.155600
vn 0.233696 -0.950322 -0.205606
vn 0.310081 -0.919727 -0.240732
vn 0.358577 -0.877336 -0.318910
vn 0.350359 -0.837567 -0.419201
vn 0.133851 -0.809275 -0.571978
vn 0.362026 -0.789708 -0.495276
vn 0.335140 -0.743185 -0.579101
vn 0.277614 -0.695190 -0.663054
vn 0.196855 -0.670309 -0.715496
vn 0.091574 -0.668894 -0.737696
vn -0.011893 -0.686600 -0.726938
vn -0.093677 -0.729857 -0.677151
vn -0.191543 -0.744837 -0.639163
vn -0.443900 -0.681229 -0.582134
vn -0.480605 -0.759775 -0.437906
vn -0.464877 -0.836834 -0.289135
vn -0.398257 -0.904863 -0.150383
vn -0.287970 -0.957482 -0.017351
vn -0.146730 -0.988562 0.034855
vn 0.079293 -0.996702 -0.017264
vn 0.254479 -0.965353 -0.057736
vn 0.418876 -0.896373 -0.145115
vn 0.492382 -0.834443 -0.247518
vn 0.523297 -0.766155 -0.373050
vn 0.501890 -0.707417 -0.497662
vn 0.441278 -0.647919 -0.620866
vn 0.395944 -0.542692 -0.740753
vn 0.242838 -0.490280 -0.837052
vn 0.101120 -0.485964 -0.868109
vn -0.078205 -0.509830 -0.856713
vn -0.232346 -0.549825 -0.802314
vn -0.358355 -0.608885 -0.707700
vn 0.038355 -0.992073 0.119664
vn 0.189803 -0.973630 0.126571
vn 0.400713 -0.908765 0.116516
vn 0.544460 -0.837329 0.049432
vn 0.664385 -0.738244 -0.116569
vn 0.707141 -0.638593 -0.303562
vn 0.610706 -0.604508 -0.511477
vn 0.572077 -0.529493 -0.626391
vn -0.667745 -0.483565 -0.565934
vn -0.718067 -0.595076 -0.360921
vn -0.693969 -0.704216 -0.149958
vn -0.602984 -0.794705 0.069673
vn -0.450560 -0.865596 0.218495
vn -0.200275 -0.953344 0.225889
vn 0.012618 -0.952363 0.304705
vn 0.263254 -0.916868 0.300083
vn 0.473001 -0.782016 0.405859
vn 0.764345 -0.439744 -0.471596
vn 0.615900 -0.406957 -0.674577
vn 0.484281 -0.338320 -0.806853
vn 0.333809 -0.208861 -0.919211
vn 0.091850 -0.221776 -0.970762
vn -0.165067 -0.230410 -0.958991
vn -0.364542 -0.286354 -0.886065
vn -0.547930 -0.380596 -0.744929
vn -0.251658 -0.881694 0.399103
vn 0.014367 -0.851164 0.524703
vn 0.271902 -0.865811 0.420048
vn 0.694403 -0.672075 0.257138
vn 0.829516 -0.555878 0.053883
vn 0.900889 -0.404458 -0.157518
vn 0.738435 -0.189775 -0.647070
vn 0.546029 -0.182443 -0.817659
vn -0.846414 -0.212753 -0.488179
vn -0.906545 -0.349199 -0.237141
vn -0.870227 -0.492629 0.004576
vn -0.745838 -0.613181 0.260260
vn -0.514223 -0.765708 0.386350
vn -0.323350 -0.715017 0.619835
vn 0.206972 -0.770392 0.603041
vn 0.923901 -0.139975 -0.356109
vn 0.588255 0.042380 -0.807565
vn 0.312235 -0.011661 -0.949933
vn 0.062544 0.013841 -0.997946
vn -0.194203 0.090876 -0.976743
vn -0.471409 -0.011285 -0.881842
vn -0.703062 -0.101435 -0.703857
vn -0.600120 -0.626908 0.496833
vn -0.055695 -0.496514 0.866240
vn 0.310235 -0.624406 0.716848
vn 0.567655 -0.613160 0.549365
vn 0.766145 -0.438791 0.469557
vn 0.920517 -0.307769 0.240679
vn 0.995563 -0.094001 0.004292
vn 0.822041 0.229020 -0.521343
vn 0.370458 0.165876 -0.913918
vn 0.087117 0.211460 -0.973497
vn -0.932205 0.129051 -0.338143
vn -0.995595 -0.059241 -0.072669
vn -0.931574 -0.340958 0.126167
vn -0.814855 -0.434330 0.383886
vn -0.629623 -0.449911 0.633368
vn -0.391380 -0.338121 0.855860
vn 0.514132 -0.486312 0.706520
vn 0.952988 0.271924 -0.133684
vn 0.589765 0.331047 -0.736604
vn 0.340873 0.310350 -0.887406
vn 0.055671 0.454126 -0.889197
vn -0.277756 0.275216 -0.920385
vn -0.536361 0.215814 -0.815930
vn -0.776780 0.169729 -0.606470
vn -0.960381 -0.133718 0.244517
vn -0.833670 -0.304130 0.460976
vn 0.272880 -0.309784 0.910808
vn 0.580944 -0.350227 0.734742
vn 0.774616 -0.183918 0.605098
vn 0.921138 -0.032797 0.387852
vn 0.382271 0.527020 -0.759025
vn -0.274950 0.502532 -0.819673
vn -0.565330 0.465398 -0.681033
vn -0.838936 -0.165719 0.518386
vn -0.654046 -0.155352 0.740330
vn 0.513392 -0.148660 0.845180
vn 0.950685 0.222499 0.216084
vn 0.624606 0.524943 -0.578189
vn -0.779845 0.380307 -0.497201
vn -0.890205 0.427701 -0.156864
vn -0.953842 0.281829 0.103724
vn -0.914950 0.154043 0.373012
vn -0.812689 -0.016398 0.582468
vn 0.724088 0.022806 0.689330
vn 0.854880 0.158534 0.494011
vn 0.787873 0.527098 -0.318472
vn 0.558709 0.657906 -0.504979
vn 0.301541 0.731079 -0.612043
vn 0.020367 0.762014 -0.647241
vn -0.290964 0.738131 -0.608689
vn -0.752681 0.494349 -0.434845
vn -0.768111 0.131472 0.626674
vn -0.576781 0.027191 0.816446
vn -0.340871 0.033940 0.939497
vn -0.079754 0.011915 0.996743
vn 0.217228 0.063431 0.974058
vn 0.487191 0.043470 0.872213
vn 0.663968 0.191285 0.722881
vn 0.800727 0.312049 0.511334
vn 0.869090 0.423303 0.255924
vn 0.844122 0.535842 0.018232
vn 0.711002 0.674962 -0.197238
vn 0.498035 0.813778 -0.299543
vn -0.529135 0.725871 -0.439462
vn -0.724522 0.619444 -0.302253
vn -0.752638 0.657343 0.037890
vn -0.803109 0.540000 0.251825
vn -0.773153 0.436777 0.459849
vn -0.663278 0.339715 0.666826
vn -0.541399 0.195620 0.817692
vn 0.405951 0.231189 0.884169
vn 0.538737 0.393324 0.745022
vn 0.669631 0.499468 0.549659
vn 0.730134 0.593969 0.337794
vn 0.700794 0.702134 0.126080
vn 0.635681 0.765362 -0.100653
vn 0.221026 0.910500 -0.349481
vn -0.013844 0.927352 -0.373935
vn -0.235861 0.913058 -0.332710
vn -0.669508 0.717474 -0.192330
vn -0.479583 0.342737 0.807794
vn -0.291350 0.298866 0.908733
vn -0.079788 0.283746 0.955574
vn 0.144242 0.316933 0.937415
vn 0.314838 0.392047 0.864393
vn 0.552870 0.833234 0.007494
vn 0.357809 0.931534 -0.064934
vn -0.432259 0.888081 -0.156410
vn -0.598703 0.797203 -0.077601
vn -0.552963 0.805491 0.213111
vn -0.591514 0.720957 0.361016
vn -0.570184 0.644512 0.509406
vn -0.498316 0.583416 0.641332
vn -0.376880 0.539265 0.753097
vn -0.227697 0.507743 0.830874
vn -0.060939 0.431562 0.900022
vn 0.081599 0.526938 0.845978
vn 0.247603 0.564354 0.787526
vn 0.369614 0.616098 0.695564
vn 0.460418 0.690742 0.557576
vn 0.500913 0.758460 0.416923
vn 0.469327 0.839367 0.274216
vn 0.434807 0.894784 0.101512
vn 0.130287 0.990371 -0.046809
vn -0.039093 0.995709 -0.083882
vn -0.190763 0.980432 -0.048605
vn -0.517874 0.854529 0.039836
vn -0.088388 0.583595 0.807220
vn 0.321177 0.927525 0.191162
vn 0.232525 0.965301 0.118855
vn -0.315242 0.947138 0.059596
vn -0.395448 0.904987 0.156903
vn -0.386715 0.860764 0.330964
vn -0.409239 0.808734 0.422460
vn -0.391154 0.760821 0.517832
vn -0.336077 0.723998 0.602394
vn -0.255191 0.701440 0.665477
vn -0.186784 0.700137 0.689144
vn -0.064040 0.692094 0.718961
vn 0.034310 0.698107 0.715171
vn 0.138494 0.710970 0.689450
vn 0.212314 0.751777 0.624303
vn 0.231450 0.813182 0.534009
vn 0.269872 0.851908 0.448800
vn 0.261023 0.894412 0.363172
vn 0.207333 0.938408 0.276413
vn 0.130243 0.971192 0.199558
vn 0.045890 0.986701 0.155935
vn -0.059136 0.986984 0.149552
vn -0.128398 0.976889 0.170884
vn -0.241124 0.943772 0.226171
vn -0.326265 0.905709 0.270635
vn -0.225510 0.856178 0.464870
vn -0.137790 0.793214 0.593149
vn -0.056290 0.792783 0.606899
vn 0.051963 0.818912 0.571562
vn 0.056244 0.927228 0.370251
vn -0.113273 0.940347 0.320807
vn 0.060045 -0.888576 -0.454783
vn -0.066546 0.875022 0.479487
vn -0.253763 -0.785262 -0.564772
vn -0.038824 -0.829354 -0.557373
vn -0.269066 -0.838063 -0.474609
vn -0.236000 -0.889613 -0.391015
vn -0.034125 -0.937904 -0.345212
vn -0.227667 -0.929348 -0.290656
vn -0.164037 -0.963415 -0.211950
vn -0.072635 -0.984334 -0.160657
vn 0.034009 -0.983543 -0.177445
vn 0.179487 -0.919323 -0.350184
vn 0.149145 -0.976374 -0.156363
vn 0.233140 -0.950252 -0.206559
vn 0.309507 -0.919770 -0.241308
vn 0.358055 -0.877439 -0.319215
vn 0.357552 -0.837129 -0.413970
vn 0.196802 -0.818328 -0.540007
vn 0.373089 -0.784264 -0.495717
vn 0.340596 -0.739632 -0.580465
vn 0.275961 -0.698326 -0.660444
vn 0.174242 -0.701030 -0.691518
vn 0.089456 -0.681653 -0.726186
vn -0.015531 -0.682345 -0.730865
vn -0.117839 -0.700710 -0.703647
vn -0.201709 -0.736690 -0.645447
vn -0.443900 -0.681229 -0.582134
vn -0.480605 -0.759775 -0.437906
vn -0.464877 -0.836834 -0.289135
vn -0.398257 -0.904863 -0.150383
vn -0.287971 -0.957482 -0.017350
vn -0.146730 -0.988562 0.034856
vn 0.079293 -0.996702 -0.017264
vn 0.254478 -0.965353 -0.057736
vn 0.418876 -0.896373 -0.145115
vn 0.492381 -0.834443 -0.247518
vn 0.523296 -0.766155 -0.373050
vn 0.501890 -0.707417 -0.497662
vn 0.441278 -0.647919 -0.620866
vn 0.395944 -0.542691 -0.740753
vn 0.242838 -0.490279 -0.837052
vn 0.101120 -0.485964 -0.868109
vn -0.078205 -0.509830 -0.856713
vn -0.232346 -0.549825 -0.802314
vn -0.358356 -0.608885 -0.707701
vn 0.038354 -0.992073 0.119663
vn 0.189803 -0.973630 0.126571
vn 0.400714 -0.908764 0.116516
vn 0.544460 -0.837329 0.049432
vn 0.664385 -0.738244 -0.116569
vn 0.707141 -0.638593 -0.303561
vn 0.610707 -0.604508 -0.511476
vn 0.572077 -0.529492 -0.626391
vn -0.667745 -0.483565 -0.565934
vn -0.718067 -0.595077 -0.360921
vn -0.693969 -0.704216 -0.149958
vn -0.602984 -0.794705 0.069673
vn -0.450560 -0.865595 0.218495
vn -0.200275 -0.953344 0.225889
vn 0.012617 -0.952363 0.304705
vn 0.263254 -0.916868 0.300083
vn 0.473001 -0.782016 0.405859
vn 0.764345 -0.439743 -0.471596
vn 0.615900 -0.406956 -0.674577
vn 0.484282 -0.338320 -0.806852
vn 0.333809 -0.208860 -0.919211
vn 0.091850 -0.221776 -0.970762
vn -0.165068 -0.230409 -0.958991
vn -0.364542 -0.286355 -0.886065
vn -0.547930 -0.380596 -0.744929
vn -0.251658 -0.881694 0.399103
vn 0.014366 -0.851164 0.524703
vn 0.271902 -0.865811 0.420048
vn 0.694402 -0.672076 0.257137
vn 0.829515 -0.555879 0.053884
vn 0.900889 -0.404459 -0.157518
vn 0.738435 -0.189775 -0.647070
vn 0.546029 -0.182443 -0.817659
vn -0.846414 -0.212754 -0.488179
vn -0.906545 -0.349199 -0.237141
vn -0.870227 -0.492630 0.004576
vn -0.745838 -0.613181 0.260260
vn -0.514222 -0.765708 0.386350
vn -0.323349 -0.715018 0.619834
vn 0.206972 -0.770392 0.603041
vn 0.923901 -0.139975 -0.356109
vn 0.588255 0.042380 -0.807565
vn 0.312235 -0.011662 -0.949933
vn 0.062544 0.013841 -0.997946
vn -0.194203 0.090876 -0.976743
vn -0.471409 -0.011285 -0.881842
vn -0.703062 -0.101436 -0.703857
vn -0.600119 -0.626909 0.496832
vn -0.055695 -0.496514 0.866240
vn 0.310235 -0.624406 0.716848
vn 0.567655 -0.613160 0.549366
vn 0.766145 -0.438791 0.469557
vn 0.920517 -0.307769 0.240679
vn 0.995563 -0.094001 0.004292
vn 0.822041 0.229020 -0.521343
vn 0.370458 0.165876 -0.913918
vn 0.087117 0.211460 -0.973496
vn -0.932205 0.129051 -0.338143
vn -0.995595 -0.059241 -0.072669
vn -0.931574 -0.340959 0.126167
vn -0.814855 -0.434330 0.383886
vn -0.629623 -0.449912 0.633367
vn -0.391380 -0.338122 0.855859
vn 0.514131 -0.486311 0.706520
vn 0.952988 0.271924 -0.133684
vn 0.589764 0.331047 -0.736604
vn 0.340873 0.310349 -0.887406
vn 0.055671 0.454125 -0.889197
vn -0.277756 0.275216 -0.920385
vn -0.536361 0.215813 -0.815930
vn -0.776780 0.169728 -0.606470
vn -0.960381 -0.133717 0.244517
vn -0.833670 -0.304130 0.460977
vn 0.272879 -0.309784 0.910808
vn 0.580944 -0.350227 0.734742
vn 0.774616 -0.183917 0.605098
vn 0.921138 -0.032796 0.387852
vn 0.382271 0.527020 -0.759025
vn -0.274950 0.502532 -0.819673
vn -0.565330 0.465399 -0.681033
vn -0.838936 -0.165720 0.518385
vn -0.654047 -0.155353 0.740330
vn 0.513392 -0.148660 0.845180
vn 0.950685 0.222498 0.216085
vn 0.624606 0.524942 -0.578189
vn -0.779845 0.380308 -0.497201
vn -0.890205 0.427701 -0.156864
vn -0.953841 0.281830 0.103724
vn -0.914950 0.154043 0.373012
vn -0.812689 -0.016399 0.582467
vn 0.724088 0.022807 0.689331
vn 0.854880 0.158534 0.494011
vn 0.787873 0.527098 -0.318472
vn 0.558709 0.657906 -0.504979
vn 0.301541 0.731078 -0.612044
vn 0.020367 0.762014 -0.647241
vn -0.290965 0.738131 -0.608689
vn -0.752681 0.494349 -0.434845
vn -0.768111 0.131472 0.626674
vn -0.576781 0.027192 0.816446
vn -0.340870 0.033940 0.939498
vn -0.079754 0.011914 0.996743
vn 0.217228 0.063431 0.974058
vn 0.487191 0.043470 0.872213
vn 0.663968 0.191285 0.722881
vn 0.800727 0.312049 0.511334
vn 0.869090 0.423302 0.255925
vn 0.844122 0.535841 0.018232
vn 0.711002 0.674962 -0.197239
vn 0.498035 0.813778 -0.299542
vn -0.529135 0.725871 -0.439462
vn -0.724522 0.619444 -0.302253
vn -0.752638 0.657343 0.037890
vn -0.803109 0.540000 0.251825
vn -0.773152 0.436777 0.459849
vn -0.663277 0.339715 0.666826
vn -0.541398 0.195620 0.817693
vn 0.405951 0.231189 0.884169
vn 0.538738 0.393326 0.745021
vn 0.669630 0.499469 0.549660
vn 0.730134 0.593969 0.337794
vn 0.700794 0.702134 0.126079
vn 0.635680 0.765363 -0.100653
vn 0.221025 0.910500 -0.349481
vn -0.013844 0.927352 -0.373934
vn -0.235860 0.913058 -0.332709
vn -0.669508 0.717473 -0.192330
vn -0.479583 0.342737 0.807795
vn -0.291350 0.298866 0.908732
vn -0.079789 0.283747 0.955574
vn 0.144242 0.316935 0.937415
vn 0.314838 0.392048 0.864393
vn 0.552871 0.833233 0.007496
vn 0.357809 0.931534 -0.064933
vn -0.432259 0.888081 -0.156411
vn -0.598703 0.797203 -0.077601
vn -0.552963 0.805491 0.213112
vn -0.591513 0.720958 0.361016
vn -0.570182 0.644513 0.509406
vn -0.498316 0.583416 0.641332
vn -0.376879 0.539265 0.753097
vn -0.227697 0.507743 0.830874
vn -0.060939 0.431564 0.900022
vn 0.081598 0.526938 0.845978
vn 0.247603 0.564354 0.787526
vn 0.369613 0.616100 0.695563
vn 0.460416 0.690743 0.557577
vn 0.500912 0.758461 0.416923
vn 0.469327 0.839367 0.274217
vn 0.434807 0.894784 0.101513
vn 0.130287 0.990371 -0.046807
vn -0.039093 0.995709 -0.083882
vn -0.190763 0.980432 -0.048605
vn -0.517874 0.854529 0.039836
vn -0.088388 0.583594 0.807221
vn 0.321177 0.927525 0.191162
vn 0.232525 0.965301 0.118856
vn -0.315242 0.947138 0.059597
vn -0.395448 0.904987 0.156904
vn -0.385390 0.861073 0.331703
vn -0.407831 0.809257 0.422821
vn -0.389909 0.761481 0.517801
vn -0.335149 0.724696 0.602072
vn -0.254607 0.702105 0.664999
vn -0.187200 0.700457 0.688706
vn -0.064040 0.692093 0.718961
vn 0.035988 0.699859 0.713374
vn 0.138521 0.711422 0.688978
vn 0.215628 0.749714 0.625646
vn 0.258984 0.799625 0.541782
vn 0.246175 0.856895 0.452912
vn 0.254751 0.895332 0.365353
vn 0.204218 0.938527 0.278320
vn 0.130130 0.971269 0.199255
vn 0.046774 0.987076 0.153274
vn -0.058886 0.987521 0.146065
vn -0.131319 0.976639 0.170093
vn -0.241191 0.943546 0.227040
vn -0.325238 0.905784 0.271618
vn -0.225040 0.856245 0.464975
vn -0.139296 0.793377 0.592579
vn -0.052868 0.793915 0.605726
vn 0.068522 0.828245 0.556161
vn 0.045125 0.935324 0.350902
vn -0.117709 0.939350 0.322126
vn 0.072179 -0.885778 -0.458461
vn -0.065966 0.876911 0.476104
vn -0.253896 -0.785352 -0.564588
vn -0.071431 -0.833356 -0.548101
vn -0.246045 -0.848413 -0.468675
vn -0.028063 -0.936328 -0.350004
vn -0.259897 -0.887139 -0.381364
vn -0.230753 -0.929290 -0.288399
vn -0.166233 -0.963656 -0.209126
vn -0.073793 -0.984729 -0.157679
vn 0.023268 -0.987789 -0.154048
vn 0.142840 -0.971881 -0.187200
vn 0.211046 -0.887921 -0.408725
vn 0.224857 -0.948789 -0.221897
vn 0.306837 -0.919649 -0.245146
vn 0.365412 -0.875499 -0.316189
vn 0.388064 -0.828354 -0.404025
vn 0.372354 -0.785627 -0.494107
vn 0.313381 -0.758682 -0.571133
vn 0.119219 -0.794387 -0.595598
vn 0.272164 -0.701292 -0.658875
vn 0.195158 -0.673387 -0.713066
vn 0.091308 -0.668718 -0.737888
vn -0.012793 -0.700296 -0.713738
vn -0.113433 -0.706358 -0.698707
vn -0.198919 -0.739007 -0.643661
vn -0.443901 -0.681228 -0.582135
vn -0.480606 -0.759774 -0.437906
vn -0.464878 -0.836833 -0.289134
vn -0.398258 -0.904862 -0.150383
vn -0.287971 -0.957482 -0.017349
vn -0.146730 -0.988562 0.034856
vn 0.079293 -0.996702 -0.017264
vn 0.254479 -0.965353 -0.057736
vn 0.418877 -0.896373 -0.145115
vn 0.492382 -0.834443 -0.247518
vn 0.531396 -0.755641 -0.382917
vn 0.478439 -0.709372 -0.517578
vn 0.441132 -0.647956 -0.620932
vn 0.395944 -0.542691 -0.740753
vn 0.242839 -0.490279 -0.837052
vn 0.101121 -0.485963 -0.868110
vn -0.078205 -0.509829 -0.856713
vn -0.232347 -0.549825 -0.802314
vn -0.358356 -0.608885 -0.707701
vn 0.038354 -0.992074 0.119663
vn 0.189803 -0.973629 0.126572
vn 0.400714 -0.908764 0.116516
vn 0.544458 -0.837330 0.049431
vn 0.686482 -0.711568 -0.149712
vn 0.665805 -0.623089 -0.410444
vn 0.572030 -0.529322 -0.626578
vn -0.667746 -0.483564 -0.565934
vn -0.718068 -0.595076 -0.360920
vn -0.693970 -0.704215 -0.149957
vn -0.602984 -0.794705 0.069673
vn -0.450560 -0.865595 0.218496
vn -0.200276 -0.953343 0.225889
vn 0.012618 -0.952363 0.304706
vn 0.263255 -0.916868 0.300084
vn 0.469508 -0.781258 0.411337
vn 0.763024 -0.437868 -0.475463
vn 0.615900 -0.406956 -0.674577
vn 0.484282 -0.338320 -0.806853
vn 0.333809 -0.208860 -0.919211
vn 0.091850 -0.221775 -0.970762
vn -0.165068 -0.230409 -0.958991
vn -0.364542 -0.286354 -0.886065
vn -0.547930 -0.380595 -0.744929
vn -0.251658 -0.881694 0.399103
vn 0.013340 -0.859996 0.510126
vn 0.271902 -0.865811 0.420048
vn 0.694402 -0.672076 0.257137
vn 0.828316 -0.559958 0.018459
vn 0.876147 -0.451667 -0.168415
vn 0.738435 -0.189775 -0.647070
vn 0.546029 -0.182443 -0.817659
vn -0.846414 -0.212753 -0.488179
vn -0.906545 -0.349199 -0.237141
vn -0.870227 -0.492629 0.004576
vn -0.745838 -0.613181 0.260260
vn -0.514222 -0.765708 0.386350
vn -0.328254 -0.719761 0.611713
vn 0.236881 -0.764598 0.599398
vn 0.922249 -0.144202 -0.358694
vn 0.588255 0.042381 -0.807564
vn 0.312235 -0.011662 -0.949933
vn 0.062544 0.013841 -0.997946
vn -0.194100 0.090755 -0.976775
vn -0.471406 -0.011370 -0.881843
vn -0.703062 -0.101435 -0.703857
vn -0.600119 -0.626909 0.496832
vn -0.030413 -0.625391 0.779719
vn 0.299247 -0.557686 0.774234
vn 0.561066 -0.615697 0.553283
vn 0.766145 -0.438792 0.469557
vn 0.920090 -0.311598 0.237361
vn 0.991403 -0.129765 -0.016757
vn 0.822041 0.229020 -0.521343
vn 0.370458 0.165875 -0.913918
vn 0.087117 0.211460 -0.973496
vn -0.932205 0.129051 -0.338143
vn -0.995595 -0.059241 -0.072669
vn -0.931574 -0.340959 0.126166
vn -0.814855 -0.434330 0.383886
vn -0.629623 -0.449911 0.633368
vn -0.371247 -0.350470 0.859853
vn 0.559538 -0.488096 0.669836
vn 0.957198 0.254321 -0.138179
vn 0.589764 0.331047 -0.736604
vn 0.340873 0.310349 -0.887406
vn 0.057920 0.457807 -0.887163
vn -0.284449 0.379041 -0.880578
vn -0.563513 0.185525 -0.805005
vn -0.776780 0.169729 -0.606470
vn -0.960381 -0.133718 0.244517
vn -0.833670 -0.304130 0.460976
vn 0.552526 -0.353182 0.754968
vn 0.774616 -0.183917 0.605098
vn 0.924014 -0.046033 0.379577
vn 0.962386 0.185524 0.198482
vn 0.382271 0.527020 -0.759025
vn -0.549411 0.457389 -0.699245
vn -0.838936 -0.165720 0.518386
vn -0.654046 -0.155352 0.740330
vn -0.054471 -0.273791 0.960246
vn 0.244081 -0.226646 0.942898
vn 0.512765 -0.144049 0.846358
vn 0.624606 0.524943 -0.578190
vn -0.779845 0.380307 -0.497201
vn -0.890205 0.427701 -0.156864
vn -0.953842 0.281830 0.103724
vn -0.914950 0.154043 0.373012
vn -0.812688 -0.016398 0.582468
vn 0.724088 0.022807 0.689330
vn 0.857464 0.161538 0.488530
vn 0.787873 0.527098 -0.318471
vn 0.558709 0.657906 -0.504979
vn 0.301541 0.731079 -0.612043
vn -0.009545 0.747897 -0.663747
vn -0.267887 0.715556 -0.645148
vn -0.752681 0.494349 -0.434845
vn -0.768111 0.131472 0.626674
vn -0.576781 0.027191 0.816446
vn -0.355109 0.048294 0.933577
vn -0.068721 0.048287 0.996467
vn 0.220881 0.073529 0.972525
vn 0.487191 0.043470 0.872213
vn 0.663968 0.191285 0.722881
vn 0.805749 0.310615 0.504268
vn 0.874337 0.411359 0.257523
vn 0.844122 0.535841 0.018232
vn 0.711002 0.674962 -0.197238
vn 0.498035 0.813779 -0.299542
vn -0.529135 0.725871 -0.439463
vn -0.724522 0.619444 -0.302253
vn -0.752638 0.657343 0.037891
vn -0.803109 0.540000 0.251825
vn -0.773153 0.436777 0.459849
vn -0.663278 0.339715 0.666826
vn -0.541399 0.195620 0.817692
vn 0.405951 0.231189 0.884170
vn 0.538737 0.393325 0.745022
vn 0.669631 0.499469 0.549659
vn 0.730134 0.593969 0.337794
vn 0.700794 0.702134 0.126079
vn 0.635680 0.765363 -0.100652
vn 0.221026 0.910500 -0.349481
vn -0.013844 0.927352 -0.373935
vn -0.235861 0.913058 -0.332710
vn -0.669508 0.717473 -0.192330
vn -0.479583 0.342737 0.807794
vn -0.291350 0.298866 0.908732
vn -0.079788 0.283747 0.955574
vn 0.144242 0.316934 0.937415
vn 0.314838 0.392047 0.864393
vn 0.552871 0.833233 0.007495
vn 0.357809 0.931534 -0.064934
vn -0.432259 0.888081 -0.156411
vn -0.598703 0.797204 -0.077601
vn -0.552963 0.805491 0.213112
vn -0.591514 0.720957 0.361016
vn -0.570183 0.644513 0.509406
vn -0.498316 0.583416 0.641332
vn -0.376880 0.539265 0.753097
vn -0.227697 0.507743 0.830874
vn -0.060939 0.431563 0.900022
vn 0.081598 0.526938 0.845977
vn 0.247603 0.564354 0.787526
vn 0.369613 0.616099 0.695563
vn 0.460417 0.690742 0.557576
vn 0.500913 0.758460 0.416923
vn 0.469327 0.839367 0.274216
vn 0.434807 0.894784 0.101512
vn 0.130288 0.990371 -0.046808
vn -0.039093 0.995709 -0.083883
vn -0.190763 0.980432 -0.048605
vn -0.517874 0.854529 0.039836
vn -0.088388 0.583595 0.807220
vn 0.321177 0.927525 0.191162
vn 0.232525 0.965301 0.118856
vn -0.315242 0.947138 0.059596
vn -0.395449 0.904987 0.156904
vn -0.384166 0.861859 0.331082
vn -0.378649 0.821267 0.426786
vn -0.387607 0.762126 0.518581
vn -0.341270 0.719449 0.604920
vn -0.262376 0.692751 0.671755
vn -0.180246 0.695148 0.695902
vn -0.064040 0.692094 0.718961
vn 0.035988 0.699859 0.713374
vn 0.138521 0.711421 0.688979
vn 0.215628 0.749714 0.625646
vn 0.258985 0.799625 0.541782
vn 0.246176 0.856895 0.452911
vn 0.254751 0.895332 0.365352
vn 0.204218 0.938527 0.278319
vn 0.130130 0.971269 0.199254
vn 0.046774 0.987076 0.153274
vn -0.058886 0.987521 0.146066
vn -0.131319 0.976639 0.170092
vn -0.239235 0.947093 0.213966
vn -0.333945 0.905440 0.262029
vn -0.214658 0.902452 0.373500
vn -0.218590 0.818795 0.530841
vn -0.126475 0.791904 0.597405
vn -0.052869 0.793915 0.605726
vn 0.068522 0.828245 0.556162
vn 0.045125 0.935324 0.350902
vn -0.107029 0.943686 0.313051
vn 0.062252 -0.879912 -0.471041
vn -0.075540 0.877905 0.472840
vn -0.246720 -0.789492 -0.561990
vn -0.096153 -0.892577 -0.440524
vn -0.281292 -0.835464 -0.472095
vn -0.276008 -0.884375 -0.376430
vn -0.230633 -0.928713 -0.290346
vn -0.134597 -0.961240 -0.240627
vn 0.110223 -0.938893 -0.326084
vn -0.066384 -0.982714 -0.172817
vn 0.024748 -0.988469 -0.149387
vn 0.151528 -0.978078 -0.142839
vn 0.233220 -0.950809 -0.203890
vn 0.301763 -0.920617 -0.247796
vn 0.330537 -0.881404 -0.337450
vn 0.210536 -0.830326 -0.515977
vn 0.377231 -0.831446 -0.407914
vn 0.378788 -0.781492 -0.495772
vn 0.342433 -0.738543 -0.580770
vn 0.274888 -0.699951 -0.659170
vn 0.181699 -0.698032 -0.692630
vn 0.014092 -0.799680 -0.600262
vn 0.089887 -0.672399 -0.734711
vn -0.016790 -0.677203 -0.735605
vn -0.114960 -0.702829 -0.702008
vn -0.176719 -0.759580 -0.625946
vn -0.443900 -0.681229 -0.582134
vn -0.480605 -0.759775 -0.437906
vn -0.464877 -0.836833 -0.289135
vn -0.398257 -0.904863 -0.150381
vn -0.287971 -0.957482 -0.017350
vn -0.146730 -0.988562 0.034855
vn 0.079294 -0.996702 -0.017265
vn 0.254478 -0.965354 -0.057735
vn 0.418876 -0.896373 -0.145115
vn 0.492381 -0.834443 -0.247518
vn 0.523297 -0.766155 -0.373051
vn 0.501890 -0.707417 -0.497662
vn 0.441279 -0.647919 -0.620866
vn 0.395944 -0.542691 -0.740753
vn 0.242838 -0.490278 -0.837053
vn 0.101120 -0.485963 -0.868110
vn -0.078206 -0.509829 -0.856714
vn -0.232347 -0.549825 -0.802314
vn -0.358356 -0.608885 -0.707701
vn 0.038354 -0.992074 0.119662
vn 0.189804 -0.973630 0.126571
vn 0.400713 -0.908765 0.116516
vn 0.544459 -0.837330 0.049432
vn 0.664385 -0.738244 -0.116570
vn 0.707141 -0.638594 -0.303562
vn 0.610706 -0.604508 -0.511476
vn 0.572077 -0.529493 -0.626391
vn -0.667746 -0.483564 -0.565934
vn -0.718067 -0.595076 -0.360921
vn -0.693969 -0.704216 -0.149957
vn -0.602984 -0.794705 0.069674
vn -0.450560 -0.865595 0.218495
vn -0.200276 -0.953344 0.225888
vn 0.012618 -0.952363 0.304705
vn 0.263255 -0.916868 0.300083
vn 0.469509 -0.781258 0.411337
vn 0.764345 -0.439744 -0.471596
vn 0.615900 -0.406956 -0.674577
vn 0.484282 -0.338320 -0.806852
vn 0.333809 -0.208860 -0.919211
vn 0.091850 -0.221775 -0.970762
vn -0.165068 -0.230409 -0.958991
vn -0.364542 -0.286354 -0.886065
vn -0.547930 -0.380595 -0.744929
vn -0.251658 -0.881694 0.399103
vn 0.013340 -0.859996 0.510127
vn 0.271902 -0.865811 0.420048
vn 0.694402 -0.672076 0.257137
vn 0.829515 -0.555879 0.053883
vn 0.900889 -0.404459 -0.157519
vn 0.738435 -0.189775 -0.647070
vn 0.546029 -0.182443 -0.817659
vn -0.846415 -0.212753 -0.488179
vn -0.906546 -0.349198 -0.237141
vn -0.870228 -0.492629 0.004576
vn -0.745838 -0.613180 0.260260
vn -0.514223 -0.765708 0.386350
vn -0.328254 -0.719761 0.611714
vn 0.236880 -0.764598 0.599398
vn 0.923901 -0.139975 -0.356109
vn 0.588255 0.042381 -0.807565
vn 0.312235 -0.011661 -0.949933
vn 0.062544 0.013842 -0.997946
vn -0.194203 0.090876 -0.976743
vn -0.471409 -0.011285 -0.881843
vn -0.703063 -0.101434 -0.703857
vn -0.600119 -0.626908 0.496833
vn -0.030413 -0.625391 0.779719
vn 0.299247 -0.557686 0.774233
vn 0.561066 -0.615698 0.553282
vn 0.766145 -0.438792 0.469557
vn 0.920517 -0.307769 0.240679
vn 0.995563 -0.094002 0.004292
vn 0.822041 0.229020 -0.521343
vn 0.370458 0.165876 -0.913918
vn 0.087117 0.211460 -0.973496
vn -0.932205 0.129051 -0.338142
vn -0.995595 -0.059241 -0.072670
vn -0.931574 -0.340959 0.126166
vn -0.814855 -0.434330 0.383886
vn -0.629623 -0.449910 0.633368
vn -0.371247 -0.350470 0.859853
vn 0.559538 -0.488097 0.669835
vn 0.952988 0.271924 -0.133684
vn 0.589764 0.331047 -0.736604
vn 0.340873 0.310349 -0.887406
vn 0.055671 0.454125 -0.889197
vn -0.277756 0.275216 -0.920385
vn -0.536361 0.215814 -0.815930
vn -0.776780 0.169728 -0.606470
vn -0.960381 -0.133718 0.244517
vn -0.833670 -0.304130 0.460976
vn 0.552527 -0.353182 0.754968
vn 0.774617 -0.183917 0.605098
vn 0.921138 -0.032796 0.387852
vn 0.382271 0.527020 -0.759025
vn -0.274950 0.502532 -0.819673
vn -0.565331 0.465398 -0.681033
vn -0.838936 -0.165720 0.518386
vn -0.654046 -0.155352 0.740331
vn -0.054471 -0.273790 0.960246
vn 0.244080 -0.226646 0.942898
vn 0.512765 -0.144049 0.846358
vn 0.950685 0.222499 0.216085
vn 0.624606 0.524943 -0.578190
vn -0.779845 0.380307 -0.497201
vn -0.890205 0.427701 -0.156864
vn -0.953842 0.281829 0.103724
vn -0.914950 0.154043 0.373012
vn -0.812689 -0.016399 0.582467
vn 0.724088 0.022807 0.689330
vn 0.854880 0.158534 0.494011
vn 0.787873 0.527098 -0.318472
vn 0.558709 0.657906 -0.504979
vn 0.301541 0.731078 -0.612044
vn 0.020367 0.762013 -0.647241
vn -0.290964 0.738131 -0.608690
vn -0.752681 0.494349 -0.434844
vn -0.768111 0.131472 0.626674
vn -0.576781 0.027191 0.816446
vn -0.355109 0.048293 0.933577
vn -0.068721 0.048288 0.996467
vn 0.220880 0.073529 0.972525
vn 0.487191 0.043470 0.872213
vn 0.663968 0.191285 0.722881
vn 0.800727 0.312049 0.511334
vn 0.869090 0.423303 0.255925
vn 0.844122 0.535841 0.018232
vn 0.711001 0.674962 -0.197239
vn 0.498035 0.813778 -0.299542
vn -0.529135 0.725871 -0.439463
vn -0.724522 0.619444 -0.302253
vn -0.752638 0.657343 0.037891
vn -0.803109 0.540000 0.251826
vn -0.773152 0.436777 0.459849
vn -0.663278 0.339714 0.666825
vn -0.541399 0.195620 0.817692
vn 0.405951 0.231189 0.884170
vn 0.538738 0.393325 0.745022
vn 0.669631 0.499469 0.549659
vn 0.730134 0.593969 0.337794
vn 0.700794 0.702134 0.126079
vn 0.635680 0.765363 -0.100653
vn 0.221026 0.910500 -0.349482
vn -0.013844 0.927351 -0.373935
vn -0.235861 0.913058 -0.332710
vn -0.669508 0.717473 -0.192330
vn -0.479584 0.342736 0.807794
vn -0.291350 0.298866 0.908733
vn -0.079789 0.283747 0.955574
vn 0.144242 0.316935 0.937415
vn 0.314838 0.392048 0.864393
vn 0.552871 0.833234 0.007495
vn 0.357810 0.931534 -0.064934
vn -0.432259 0.888081 -0.156411
vn -0.598702 0.797204 -0.077601
vn -0.552963 0.805491 0.213112
vn -0.591513 0.720957 0.361016
vn -0.570183 0.644513 0.509406
vn -0.498317 0.583415 0.641332
vn -0.376880 0.539265 0.753097
vn -0.227697 0.507743 0.830873
vn -0.060939 0.431563 0.900022
vn 0.081598 0.526939 0.845977
vn 0.247603 0.564354 0.787526
vn 0.369613 0.616099 0.695563
vn 0.460417 0.690742 0.557577
vn 0.500912 0.758461 0.416923
vn 0.469327 0.839367 0.274216
vn 0.434807 0.894784 0.101512
vn 0.130288 0.990371 -0.046808
vn -0.039093 0.995709 -0.083883
vn -0.190763 0.980432 -0.048605
vn -0.517874 0.854529 0.039836
vn -0.088389 0.583595 0.807221
vn 0.321176 0.927525 0.191162
vn 0.232525 0.965301 0.118856
vn -0.315242 0.947138 0.059596
vn -0.395448 0.904987 0.156904
vn -0.384167 0.861859 0.331082
vn -0.378649 0.821267 0.426785
vn -0.387606 0.762125 0.518581
vn -0.341270 0.719449 0.604920
vn -0.262376 0.692751 0.671755
vn -0.180246 0.695148 0.695903
vn -0.064040 0.692094 0.718961
vn 0.036123 0.700103 0.713128
vn 0.138187 0.711805 0.688649
vn 0.215100 0.750087 0.625381
vn 0.258383 0.799898 0.541665
vn 0.245805 0.856908 0.453088
vn 0.254751 0.895332 0.365352
vn 0.204218 0.938527 0.278319
vn 0.130130 0.971269 0.199255
vn 0.046775 0.987076 0.153275
vn -0.058886 0.987521 0.146066
vn -0.131319 0.976639 0.170093
vn -0.239234 0.947093 0.213966
vn -0.333944 0.905440 0.262029
vn -0.214658 0.902452 0.373500
vn -0.218590 0.818795 0.530842
vn -0.126474 0.791904 0.597405
vn -0.052324 0.794035 0.605616
vn 0.068275 0.828430 0.555916
vn 0.045144 0.935250 0.351098
vn -0.107029 0.943686 0.313051
vn 0.063310 -0.880857 -0.469130
vn -0.075215 0.877863 0.472969
vn -0.251167 -0.786404 -0.564344
vn -0.050710 -0.822936 -0.565866
vn -0.248199 -0.845446 -0.472883
vn -0.068014 -0.924073 -0.376116
vn -0.267553 -0.886003 -0.378702
vn -0.233415 -0.929022 -0.287115
vn -0.163486 -0.963095 -0.213824
vn -0.049985 -0.980050 -0.192365
vn 0.167929 -0.917322 -0.360998
vn 0.025922 -0.986004 -0.164697
vn 0.150015 -0.976871 -0.152373
vn 0.235105 -0.950534 -0.203006
vn 0.311440 -0.919614 -0.239404
vn 0.360544 -0.876899 -0.317893
vn 0.374665 -0.833187 -0.406725
vn 0.345693 -0.798246 -0.493255
vn 0.162924 -0.804633 -0.570983
vn 0.335102 -0.743288 -0.578991
vn 0.276434 -0.696909 -0.661742
vn 0.195270 -0.674808 -0.711691
vn 0.083361 -0.693210 -0.715898
vn -0.014478 -0.685258 -0.728157
vn -0.116146 -0.702810 -0.701832
vn -0.199669 -0.738153 -0.644408
vn -0.443899 -0.681228 -0.582135
vn -0.480605 -0.759775 -0.437906
vn -0.464878 -0.836833 -0.289135
vn -0.398258 -0.904863 -0.150382
vn -0.287971 -0.957482 -0.017351
vn -0.146729 -0.988562 0.034855
vn 0.079292 -0.996702 -0.017265
vn 0.254479 -0.965353 -0.057736
vn 0.418876 -0.896373 -0.145115
vn 0.492381 -0.834443 -0.247518
vn 0.531395 -0.755641 -0.382918
vn 0.478439 -0.709373 -0.517578
vn 0.441132 -0.647956 -0.620931
vn 0.395944 -0.542692 -0.740752
vn 0.242838 -0.490280 -0.837052
vn 0.101120 -0.485964 -0.868109
vn -0.078206 -0.509830 -0.856713
vn -0.232345 -0.549826 -0.802314
vn -0.358355 -0.608885 -0.707701
vn 0.038354 -0.992073 0.119663
vn 0.189804 -0.973629 0.126571
vn 0.400714 -0.908764 0.116516
vn 0.544459 -0.837329 0.049432
vn 0.686483 -0.711567 -0.149711
vn 0.665806 -0.623088 -0.410444
vn 0.572031 -0.529321 -0.626579
vn -0.667746 -0.483564 -0.565934
vn -0.718067 -0.595076 -0.360921
vn -0.693969 -0.704216 -0.149957
vn -0.602984 -0.794705 0.069673
vn -0.450560 -0.865596 0.218495
vn -0.200276 -0.953344 0.225889
vn 0.012618 -0.952363 0.304705
vn 0.263254 -0.916868 0.300084
vn 0.473000 -0.782016 0.405859
vn 0.763024 -0.437867 -0.475464
vn 0.615900 -0.406956 -0.674577
vn 0.484282 -0.338321 -0.806852
vn 0.333809 -0.208861 -0.919211
vn 0.091850 -0.221776 -0.970762
vn -0.165068 -0.230409 -0.958991
vn -0.364542 -0.286355 -0.886065
vn -0.547930 -0.380596 -0.744929
vn -0.251658 -0.881694 0.399103
vn 0.014367 -0.851164 0.524703
vn 0.271901 -0.865811 0.420048
vn 0.694403 -0.672076 0.257137
vn 0.828316 -0.559957 0.018460
vn 0.876147 -0.451667 -0.168415
vn 0.738434 -0.189775 -0.647070
vn 0.546029 -0.182443 -0.817660
vn -0.846414 -0.212753 -0.488179
vn -0.906545 -0.349199 -0.237141
vn -0.870227 -0.492629 0.004576
vn -0.745838 -0.613181 0.260260
vn -0.514222 -0.765709 0.386350
vn -0.323349 -0.715018 0.619834
vn 0.206971 -0.770393 0.603040
vn 0.922250 -0.144202 -0.358694
vn 0.588255 0.042381 -0.807565
vn 0.312235 -0.011662 -0.949933
vn 0.062544 0.013841 -0.997946
vn -0.194204 0.090876 -0.976743
vn -0.471409 -0.011285 -0.881842
vn -0.703063 -0.101435 -0.703857
vn -0.600119 -0.626909 0.496832
vn -0.055695 -0.496514 0.866240
vn 0.310235 -0.624407 0.716848
vn 0.567655 -0.613160 0.549366
vn 0.766145 -0.438791 0.469557
vn 0.920091 -0.311597 0.237362
vn 0.991403 -0.129765 -0.016757
vn 0.822041 0.229020 -0.521343
vn 0.370458 0.165875 -0.913918
vn 0.087117 0.211460 -0.973497
vn -0.932205 0.129051 -0.338142
vn -0.995595 -0.059241 -0.072670
vn -0.931574 -0.340958 0.126166
vn -0.814855 -0.434330 0.383886
vn -0.629623 -0.449911 0.633368
vn -0.391380 -0.338122 0.855860
vn 0.514132 -0.486311 0.706520
vn 0.957198 0.254321 -0.138179
vn 0.589764 0.331047 -0.736604
vn 0.340873 0.310350 -0.887406
vn 0.055672 0.454126 -0.889197
vn -0.277757 0.275217 -0.920384
vn -0.536361 0.215814 -0.815930
vn -0.776780 0.169729 -0.606469
vn -0.960381 -0.133718 0.244517
vn -0.833670 -0.304130 0.460976
vn 0.272880 -0.309784 0.910808
vn 0.580944 -0.350227 0.734741
vn 0.774617 -0.183917 0.605098
vn 0.924014 -0.046033 0.379578
vn 0.962386 0.185524 0.198482
vn 0.382270 0.527020 -0.759025
vn -0.274950 0.502533 -0.819672
vn -0.565330 0.465399 -0.681032
vn -0.838936 -0.165720 0.518385
vn -0.654046 -0.155352 0.740330
vn 0.513392 -0.148660 0.845180
vn 0.624605 0.524943 -0.578190
vn -0.779845 0.380308 -0.497200
vn -0.890205 0.427701 -0.156864
vn -0.953842 0.281829 0.103724
vn -0.914950 0.154043 0.373012
vn -0.812689 -0.016398 0.582468
vn 0.724088 0.022807 0.689330
vn 0.857464 0.161538 0.488530
vn 0.787873 0.527099 -0.318471
vn 0.558709 0.657907 -0.504979
vn 0.301541 0.731079 -0.612043
vn 0.020367 0.762014 -0.647240
vn -0.290965 0.738131 -0.608689
vn -0.752682 0.494349 -0.434844
vn -0.768111 0.131472 0.626674
vn -0.576781 0.027191 0.816446
vn -0.340871 0.033940 0.939497
vn -0.079753 0.011915 0.996743
vn 0.217228 0.063431 0.974058
vn 0.487191 0.043470 0.872213
vn 0.663968 0.191285 0.722881
vn 0.805749 0.310615 0.504268
vn 0.874337 0.411359 0.257523
vn 0.844122 0.535841 0.018232
vn 0.711002 0.674962 -0.197239
vn 0.498035 0.813779 -0.299542
vn -0.529135 0.725871 -0.439462
vn -0.724522 0.619444 -0.302253
vn -0.752638 0.657343 0.037891
vn -0.803109 0.540000 0.251825
vn -0.773152 0.436777 0.459850
vn -0.663278 0.339715 0.666826
vn -0.541399 0.195620 0.817692
vn 0.405951 0.231189 0.884170
vn 0.538738 0.393325 0.745022
vn 0.669631 0.499469 0.549659
vn 0.730134 0.593969 0.337794
vn 0.700794 0.702134 0.126079
vn 0.635680 0.765363 -0.100653
vn 0.221026 0.910500 -0.349481
vn -0.013844 0.927352 -0.373934
vn -0.235861 0.913058 -0.332709
vn -0.669508 0.717473 -0.192330
vn -0.479583 0.342737 0.807794
vn -0.291350 0.298866 0.908732
vn -0.079788 0.283747 0.955574
vn 0.144242 0.316934 0.937415
vn 0.314838 0.392048 0.864393
vn 0.552870 0.833234 0.007495
vn 0.357809 0.931534 -0.064934
vn -0.432259 0.888081 -0.156410
vn -0.598703 0.797204 -0.077601
vn -0.552963 0.805491 0.213112
vn -0.591513 0.720957 0.361016
vn -0.570183 0.644513 0.509406
vn -0.498316 0.583416 0.641332
vn -0.376880 0.539265 0.753097
vn -0.227697 0.507743 0.830873
vn -0.060939 0.431563 0.900022
vn 0.081599 0.526938 0.845977
vn 0.247603 0.564354 0.787526
vn 0.369613 0.616099 0.695563
vn 0.460417 0.690742 0.557577
vn 0.500913 0.758460 0.416923
vn 0.469327 0.839368 0.274216
vn 0.434807 0.894784 0.101512
vn 0.130288 0.990371 -0.046808
vn -0.039093 0.995709 -0.083882
vn -0.190762 0.980432 -0.048606
vn -0.517874 0.854529 0.039836
vn -0.088388 0.583595 0.807220
vn 0.321177 0.927525 0.191162
vn 0.232525 0.965301 0.118856
vn -0.315242 0.947138 0.059596
vn -0.395448 0.904987 0.156903
vn -0.386518 0.860808 0.331080
vn -0.409145 0.808763 0.422496
vn -0.391226 0.760773 0.517849
vn -0.336260 0.723852 0.602468
vn -0.255369 0.701229 0.665631
vn -0.186671 0.700025 0.689289
vn -0.064040 0.692094 0.718961
vn 0.034311 0.698107 0.715171
vn 0.138495 0.710971 0.689449
vn 0.212314 0.751777 0.624303
vn 0.231760 0.812918 0.534276
vn 0.270424 0.851748 0.448772
vn 0.261218 0.894371 0.363133
vn 0.207164 0.938398 0.276572
vn 0.129952 0.971151 0.199947
vn 0.045716 0.986642 0.156359
vn -0.059173 0.986944 0.149804
vn -0.128004 0.976947 0.170851
vn -0.241142 0.943728 0.226335
vn -0.326079 0.905722 0.270812
vn -0.225387 0.856045 0.465175
vn -0.137416 0.793173 0.593290
vn -0.056290 0.792783 0.606899
vn 0.051660 0.818640 0.571979
vn 0.056262 0.927001 0.370814
vn -0.113173 0.940336 0.320873
vn 0.058382 -0.880592 -0.470265
vn -0.067010 0.874806 0.479817