v -0.422507 -1.152853 -0.606469
v -0.409605 -1.132791 -0.501922
v -0.448756 -1.125474 -0.444804
v -0.368884 -1.090754 -0.428407
v -0.384742 -1.059567 -0.357598
v -0.286852 -1.044934 -0.429448
v -0.242910 -1.031866 -0.474049
v -0.227946 -1.039539 -0.535759
v -0.263246 -1.088417 -0.667505
v -0.352068 -1.128680 -0.665582
v -0.375443 -1.136388 -0.589386
v -0.503611 -1.170118 -0.553223
v -0.224034 -0.970952 -0.391744
v -0.151073 -0.973202 -0.557697
v -0.786062 -1.173785 -0.553204
v -0.781872 -1.136074 -0.417523
v -0.635325 -1.108073 -0.334044
v -0.663560 -1.012411 -0.198063
v -0.444940 -0.975370 -0.202779
v -0.318373 -0.802270 -0.135934
v -0.210299 -0.849855 -0.259564
v -0.104404 -0.723650 -0.295587
v -0.048383 -0.722546 -0.426397
v -0.016167 -0.738572 -0.557359
v -0.071420 -0.892556 -0.690361
v -0.123343 -0.894107 -0.908884
v -0.225884 -0.967955 -0.971181
v -0.350702 -1.036012 -0.977471
v -0.469921 -1.097343 -0.955769
v -0.641069 -1.161906 -0.896130
v -0.646604 -1.194778 -0.642416
v -0.940672 -1.119815 -0.760356
v -0.913683 -0.981522 -0.251886
v -0.681686 -0.798108 -0.048258
v -0.527918 -0.704835 -0.021874
v -0.164345 -0.491826 -0.195289
v 0.031678 -0.584739 -0.767604
v -0.023841 -0.656927 -0.924916
v -1.138907 -0.948288 -0.630065
v -1.165091 -0.883480 -0.433089
v -1.041692 -0.608955 -0.118500
v -0.469371 -0.383912 -0.020860
v -0.048925 -0.258188 -0.444955
v -0.002401 -0.267462 -0.729541
v -0.144006 -0.662906 -1.102572
v -0.339519 -0.637474 -1.269127
v -0.509655 -0.761076 -1.268426
v -0.701869 -0.838577 -1.264336
v -0.931213 -0.831397 -1.203369
v -0.915042 -1.058839 -0.959470
v -1.252623 -0.708692 -0.899107
v -1.198881 -0.622033 -0.295621
v -0.777820 -0.452749 -0.002549
v -0.445090 -0.095039 -0.213677
v -0.310416 -0.055098 -0.350785
v -0.170019 -0.248666 -1.081245
v -0.344765 -0.352056 -1.263601
v -1.121689 -0.779877 -1.067794
v -1.308199 -0.511136 -0.733870
v -1.300490 -0.461298 -0.559236
v -1.010303 -0.204902 -0.201007
v -0.856221 -0.111789 -0.175916
v -0.696715 -0.030079 -0.206276
v -0.335367 0.076751 -0.575452
v -0.293409 0.054602 -0.750921
v -0.339799 0.004908 -0.975073
v -0.745386 -0.344745 -1.308875
v -0.904892 -0.426456 -1.278515
v -1.195202 -0.255650 -0.397428
v -0.597119 -0.133033 -1.216469
v -1.120064 -0.400492 -1.106081
v -1.206299 -0.223071 -0.840736
v -1.212641 -0.181487 -0.678547
v -1.177706 -0.136906 -0.582794
v -1.116274 -0.082765 -0.507486
v -1.034358 -0.024364 -0.459995
v -0.939977 0.032582 -0.444969
v -0.842370 0.082498 -0.463878
v -0.751090 0.120497 -0.514872
v -0.675073 0.142860 -0.592960
v -0.597432 0.144223 -0.746988
v -0.610183 0.081120 -0.961651
v -0.735984 -0.028541 -1.111228
v -0.874051 -0.111057 -1.138339
v -0.971659 -0.160973 -1.119430
v -1.100947 -0.210154 -1.029392
v -1.091274 -0.044668 -0.745800
v -0.999177 0.033982 -0.642560
v -0.876009 0.099261 -0.629936
v -0.774427 0.117496 -0.778991
v -0.834668 0.063675 -0.911013
v -0.946686 -0.035172 -0.993432
v -1.088933 -0.089446 -0.895001
v -1.041619 -0.007953 -0.795037
v -1.000898 0.034084 -0.721522
v -0.918866 0.079904 -0.722563
v -0.911259 0.062370 -0.815560
v -0.859960 0.085299 -0.828875
v -0.900682 0.043262 -0.902390
v -0.982713 -0.002558 -0.901349
v -1.026655 -0.015626 -0.856748
v -0.279658 -1.082551 -0.580010
v 0.607420 -0.602248 -0.690007
v 0.620322 -0.582186 -0.585460
v 0.581171 -0.574869 -0.528342
v 0.661043 -0.540149 -0.511945
v 0.726206 -0.463706 -0.442165
v 0.743075 -0.494329 -0.512986
v 0.839448 -0.427661 -0.548010
v 0.839462 -0.462411 -0.653709
v 0.815553 -0.489698 -0.706871
v 0.735364 -0.547975 -0.702228
v 0.712559 -0.558650 -0.777087
v 0.654483 -0.585783 -0.672923
v 0.526316 -0.619512 -0.636761
v 0.600448 -0.523765 -0.429173
v 0.256173 -0.611972 -0.634526
v 0.360903 -0.601531 -0.514014
v 0.290266 -0.529863 -0.378688
v 0.366367 -0.461806 -0.281601
v 0.475822 -0.384226 -0.234147
v 0.590709 -0.314532 -0.214413
v 0.711553 -0.251665 -0.219472
v 0.821811 -0.206237 -0.297129
v 0.915403 -0.178237 -0.391480
v 0.981544 -0.171941 -0.509935
v 0.975697 -0.298779 -0.677813
v 0.982684 -0.275444 -0.895336
v 0.893421 -0.344478 -0.982040
v 0.804043 -0.417350 -1.054719
v 0.704534 -0.527126 -0.969420
v 0.560005 -0.546738 -1.039308
v 0.445043 -0.602746 -0.992105
v 0.383323 -0.644173 -0.725954
v 0.089255 -0.569209 -0.843894
v -0.077641 -0.411143 -0.499608
v 1.068138 0.015101 -0.676288
v 1.061605 -0.034134 -0.851142
v 0.620322 -0.383009 -1.238466
v 0.185787 -0.565391 -1.001417
v -0.143181 -0.390190 -0.719287
v -0.038654 -0.261811 -0.343826
v 0.047734 -0.119079 -0.217034
v 0.291243 -0.167101 -0.114167
v 0.392248 0.046647 -0.089220
v 0.570049 0.137934 -0.122282
v 0.736071 0.239580 -0.198371
v 0.881017 0.282771 -0.345155
v 0.944516 0.387012 -0.547906
v 0.959998 0.125926 -1.117351
v 0.885921 -0.112300 -1.186110
v 0.690408 -0.086869 -1.352665
v 0.434983 -0.254268 -1.336135
v 0.248471 -0.468470 -1.178452
v -0.222697 -0.158086 -0.982645
v 0.103526 0.141330 -0.145446
v 0.899305 0.451325 -0.784639
v 0.925146 0.386002 -0.982855
v 0.744314 0.199602 -1.308260
v 0.139540 -0.150437 -1.345149
v -0.091762 -0.229272 -1.151332
v -0.278272 0.039468 -0.817408
v -0.270563 0.089307 -0.642774
v -0.213942 0.161956 -0.486068
v 0.173705 0.438816 -0.259454
v 0.333211 0.520527 -0.289814
v 0.482528 0.582837 -0.372653
v 0.675852 0.562047 -0.455467
v 0.672188 0.482720 -1.165799
v 0.380426 0.366294 -1.342585
v 0.284541 0.205860 -1.392413
v -0.059294 0.377907 -0.391157
v 0.568691 0.669315 -0.626929
v 0.640373 0.629106 -0.935792
v 0.411616 0.507476 -1.206368
v 0.096717 0.221525 -1.318469
v -0.090138 0.150114 -1.189618
v -0.176372 0.327534 -0.924274
v -0.182714 0.369118 -0.762085
v -0.147779 0.413699 -0.666332
v -0.086347 0.467840 -0.591024
v -0.004432 0.526242 -0.543533
v 0.144406 0.611934 -0.527459
v 0.327325 0.687268 -0.632770
v 0.432494 0.694828 -0.830526
v 0.419743 0.631725 -1.045189
v 0.107072 0.414590 -1.212422
v -0.071020 0.340451 -1.112929
v -0.051084 0.502838 -0.891049
v -0.042367 0.528634 -0.783167
v 0.042037 0.593116 -0.745392
v 0.139231 0.643009 -0.763497
v 0.225013 0.665889 -0.832972
v 0.214174 0.635118 -0.955373
v 0.153535 0.581375 -1.030861
v 0.100367 0.547877 -1.044773
v 0.044246 0.520331 -1.029474
v -0.059006 0.461159 -0.978538
v -0.005994 0.553650 -0.848659
v 0.083191 0.617482 -0.796004
v 0.166774 0.642337 -0.880840
v 0.102350 0.589884 -0.952528
v 0.003271 0.534979 -0.940285
v 0.771486 -0.507486 -0.615430
v -0.807458 -1.086238 0.503425
v -0.767756 -1.061432 0.568388
v -0.794771 -1.025339 0.682083
v -0.727035 -1.019395 0.641904
v -0.672872 -0.986603 0.650960
v -0.620259 -0.964583 0.622014
v -0.554328 -0.924458 0.578459
v -0.586097 -0.968181 0.534551
v -0.615592 -1.001614 0.386782
v -0.755404 -1.075239 0.405705
v -0.733595 -1.065030 0.480925
v -0.868069 -1.086051 0.579455
v -0.631696 -0.921464 0.724372
v -0.520481 -0.923568 0.453518
v -1.131904 -1.091219 0.519322
v -1.027174 -1.080777 0.639834
v -1.085575 -1.000511 0.767523
v -1.011565 -0.934708 0.860465
v -0.803092 -0.904012 0.867531
v -0.676525 -0.730911 0.934377
v -0.560171 -0.681808 0.871930
v -0.472675 -0.657483 0.762368
v -0.424017 -0.764097 0.587099
v -0.363183 -0.699085 0.380885
v -0.420647 -0.757921 0.264751
v -0.494657 -0.823724 0.171809
v -0.589514 -0.949246 0.200905
v -0.708853 -0.964653 0.092839
v -0.828073 -1.025985 0.114541
v -0.872953 -1.095296 0.251589
v -1.004754 -1.123419 0.427894
v -1.327353 -0.982352 0.661112
v -1.039837 -0.726750 1.022052
v -0.886069 -0.633476 1.048436
v -0.363033 -0.442684 0.652839
v -0.319940 -0.464146 0.477560
v -0.711555 -0.781076 -0.101174
v -1.125754 -1.083951 0.253683
v -1.553440 -0.681436 0.195411
v -1.531259 -0.869437 0.434561
v -1.458444 -0.727595 0.817108
v -1.400639 -0.540119 0.950818
v -0.818029 -0.341313 1.031566
v -0.651366 -0.271547 0.939938
v -0.509436 -0.196542 0.808791
v -0.374463 -0.300570 0.231504
v -0.429098 -0.352176 0.038317
v -0.586763 -0.365865 -0.142328
v -1.116117 -0.978601 -0.015848
v -1.620195 -0.634517 0.593903
v -1.206322 -0.336352 1.047455
v -0.503682 -0.012015 0.575350
v -0.512173 0.041103 0.351324
v -0.798398 -0.390237 -0.245393
v -1.067968 -0.608406 -0.260267
v -1.335192 -0.665592 -0.144639
v -1.429770 -0.796894 0.024760
v -1.657487 -0.537672 0.355476
v -1.602020 -0.317291 0.667780
v -1.214373 -0.040431 0.894394
v -1.054867 0.041280 0.864034
v -0.905550 0.103590 0.781196
v -0.712226 0.082800 0.698382
v -0.580560 0.014962 0.154154
v -0.715890 0.003473 -0.011951
v -1.103537 -0.273387 -0.238565
v -1.518104 -0.552490 -0.001934
v -1.654938 -0.312874 0.398477
v -1.447372 -0.101340 0.762691
v -0.819387 0.190068 0.526919
v -0.847548 0.156653 0.148094
v -0.955270 -0.061674 -0.146158
v -1.349963 -0.166553 -0.095973
v -1.488528 -0.333662 -0.040110
v -1.564450 -0.151712 0.229574
v -1.570792 -0.110128 0.391764
v -1.535857 -0.065548 0.487516
v -1.474426 -0.011407 0.562824
v -1.392509 0.046995 0.610315
v -1.298129 0.103941 0.625342
v -1.146443 0.177547 0.588899
v -1.033224 0.214219 0.477350
v -0.955583 0.215581 0.323323
v -1.019240 0.101099 0.021253
v -1.185687 -0.016662 -0.071767
v -1.497107 -0.149977 0.079963
v -1.431540 0.019683 0.231365
v -1.427202 0.049863 0.337827
v -1.396204 0.080108 0.442431
v -1.304243 0.137868 0.410422
v -1.148367 0.199087 0.341654
v -1.163646 0.128894 0.128211
v -1.357195 0.011711 0.095848
v -1.399770 0.063406 0.275273
v -1.359050 0.105443 0.348788
v -1.277018 0.151263 0.347747
v -1.233075 0.164330 0.303146
v -1.218112 0.156657 0.241436
v -1.264853 0.121353 0.197432
v -1.312995 0.081828 0.158864
v -1.365609 0.059808 0.187810
v -0.643817 -1.015492 0.486754
v -0.177838 0.283407 0.676993
v -0.164936 0.303469 0.781540
v -0.145206 0.328952 0.836788
v -0.148505 0.357998 0.899988
v -0.070053 0.378299 0.864112
v 0.044704 0.442385 0.807231
v 0.055480 0.432123 0.744613
v 0.011024 0.385723 0.717787
v -0.049895 0.337680 0.664772
v -0.107400 0.307580 0.617880
v -0.130775 0.299872 0.694077
v -0.258943 0.266143 0.730239
v -0.253993 0.300575 0.851702
v -0.025852 0.448415 0.927127
v 0.020207 0.380189 0.588971
v -0.529084 0.273682 0.732474
v -0.537203 0.300186 0.865939
v -0.482755 0.364390 0.980674
v -0.286688 0.403690 1.047508
v -0.197408 0.570107 1.169104
v -0.075329 0.632454 1.130885
v 0.034369 0.586405 1.023898
v 0.130145 0.707418 0.975520
v 0.178956 0.608345 0.796336
v 0.223639 0.660911 0.595453
v 0.182173 0.606980 0.477903
v 0.094493 0.473990 0.462863
v 0.018785 0.468305 0.312281
v -0.106033 0.400248 0.305991
v -0.178390 0.308204 0.415044
v -0.396400 0.274354 0.387332
v -0.499281 0.258566 0.602322
v -0.569942 0.542812 1.155947
v -0.383241 0.728181 1.257835
v 0.026039 0.876345 1.150834
v 0.239786 0.922218 0.865991
v 0.282880 0.900756 0.690712
v 0.040003 0.681324 0.165423
v -0.324495 0.420570 0.157606
v -0.950620 0.683465 0.408562
v -0.810131 0.391996 0.681266
v -0.802621 0.444907 0.868123
v -0.864234 0.771307 1.098360
v -0.178047 1.186983 1.213973
v 0.055584 1.264554 1.004527
v 0.237980 1.096251 0.433445
v 0.134002 1.103417 0.217076
v -0.206301 0.571733 0.069038
v -0.596262 0.378242 0.254508
v -0.978346 0.583949 0.625530
v -1.012954 0.808181 0.776212
v -0.683985 1.027157 1.222299
v -0.514911 1.150029 1.221087
v 0.099305 1.354640 0.790100
v 0.074688 1.365971 0.571570
v -0.040944 1.085257 0.058740
v -0.195579 0.974664 -0.032241
v -0.374117 0.866640 -0.061821
v -0.559084 0.771760 -0.027103
v -0.731971 0.731568 0.083258
v -0.871117 0.690209 0.224564
v -1.063530 0.925123 0.549592
v -0.999200 1.047611 0.880932
v -0.452047 1.406182 1.077186
v -0.056449 1.441024 0.357907
v -0.844552 1.263562 0.975843
v -0.671286 1.426405 0.930099
v -0.440548 1.534001 0.845482
v -0.216568 1.554970 0.740070
v -0.289431 1.464906 0.240243
v -0.352450 1.303227 0.066993
v -0.623937 1.139811 0.025260
v -0.819326 1.144685 0.168195
v -0.926231 1.111200 0.255951
v -0.961630 1.213189 0.442726
v -0.967972 1.254774 0.604915
v -0.933037 1.299354 0.700668
v -0.871605 1.353495 0.775975
v -0.789690 1.411897 0.823467
v -0.597701 1.518758 0.819584
v -0.430405 1.579120 0.690502
v -0.377093 1.583658 0.592964
v -0.351702 1.569928 0.485525
v -0.356720 1.539271 0.378701
v -0.491316 1.407719 0.172234
v -0.682115 1.293386 0.144877
v -0.828720 1.384585 0.444517
v -0.862567 1.383695 0.569458
v -0.739888 1.477398 0.664527
v -0.621587 1.537545 0.584887
v -0.523760 1.541669 0.445157
v -0.631724 1.467030 0.336139
v -0.766003 1.375459 0.306665
v -0.796951 1.428307 0.488425
v -0.777221 1.453790 0.543672
v -0.702067 1.503137 0.570996
v -0.630256 1.529232 0.516297
v -0.615292 1.521559 0.454587
v -0.681079 1.488260 0.459348
v -0.710175 1.446730 0.372016
v -0.762789 1.424710 0.400961
v -0.029257 0.376751 0.779516
v 0.615496 -0.910823 0.852110
v 0.655197 -0.886017 0.917073
v 0.674927 -0.860535 0.972321
v 0.686203 -0.829496 1.046828
v 0.777950 -0.798160 0.989547
v 0.821892 -0.785093 0.944946
v 0.846291 -0.797571 0.761388
v 0.796135 -0.834803 0.809721
v 0.741973 -0.867595 0.800664
v 0.689359 -0.889615 0.829610
v 0.554884 -0.910636 0.928140
v 0.797368 -0.737085 1.071303
v 0.898949 -0.718851 0.922249
v 0.682219 -0.899671 0.718636
v 0.291048 -0.915804 0.868007
v 0.282931 -0.889301 1.001472
v 0.337378 -0.825096 1.116207
v 0.489875 -0.807465 1.161309
v 0.503783 -0.691789 1.283228
v 0.665092 -0.692004 1.226592
v 0.744804 -0.557032 1.266418
v 0.856686 -0.510068 1.205405
v 0.958061 -0.585383 1.036574
v 1.048636 -0.491798 0.861636
v 1.043773 -0.528576 0.730986
v 1.002307 -0.582506 0.613436
v 0.928297 -0.648309 0.520494
v 0.791523 -0.806615 0.546680
v 0.594881 -0.850570 0.463226
v 0.423734 -0.915133 0.522866
v 0.320852 -0.930921 0.737855
v 0.250191 -0.646674 1.291481
v 0.536884 -0.458062 1.397121
v 0.971419 -0.275680 1.160072
v 1.059920 -0.267269 1.001524
v 0.808965 -0.593568 0.290451
v 0.655197 -0.686841 0.264067
v -0.130486 -0.506021 0.544096
v -0.074105 -0.701514 0.788931
v -0.066221 -0.646332 0.983693
v -0.022434 -0.491584 1.221496
v 0.179696 -0.251951 1.392851
v 0.480534 -0.140006 1.404967
v 0.813688 -0.012731 1.256267
v 1.067680 -0.036717 0.770017
v 1.059663 -0.094031 0.567357
v 0.993855 -0.176761 0.387002
v 0.838462 -0.190554 0.208034
v 0.361884 -0.593819 0.153956
v 0.223871 -0.811245 0.390042
v 0.919272 0.163400 0.924034
v 0.585097 -0.292328 0.085418
v 0.087782 -0.490811 0.206339
v -0.006816 -0.621480 0.373445
v -0.243397 -0.264363 0.685125
v -0.235688 -0.214525 0.859760
v -0.179066 -0.141876 1.016465
v -0.048607 0.000699 1.148824
v 0.208581 0.134984 1.243079
v 0.368087 0.216695 1.212719
v 0.517404 0.279005 1.129880
v 0.647389 0.338467 0.944316
v 0.771394 0.301375 0.668075
v 0.763685 0.251537 0.493440
v 0.707063 0.178888 0.336734
v 0.278840 -0.230608 0.093565
v -0.095150 -0.377076 0.346751
v 0.467683 0.113740 0.202527
v 0.231546 0.062794 0.219111
v 0.057266 -0.114144 0.212953
v -0.092214 -0.072296 0.398791
v -0.141497 0.023703 0.578259
v -0.147839 0.065287 0.740449
v -0.112904 0.109868 0.836201
v -0.051472 0.164008 0.911509
v 0.030444 0.222410 0.959001
v 0.124825 0.279356 0.974027
v 0.222433 0.329271 0.955117
v 0.313712 0.367270 0.904123
v 0.389729 0.389634 0.826035
v 0.443042 0.394172 0.728498
v 0.468432 0.380441 0.621059
v 0.454619 0.327894 0.457344
v 0.367048 0.251063 0.343174
v 0.285132 0.192662 0.295683
v 0.047504 0.066801 0.325063
v -0.011740 0.201452 0.611233
v 0.013748 0.243625 0.745806
v 0.118711 0.313282 0.759107
v 0.209807 0.351407 0.708991
v 0.298915 0.356815 0.570009
v 0.188410 0.277543 0.471673
v 0.135243 0.244045 0.457760
v 0.079122 0.216499 0.473060
v -0.024130 0.157327 0.523995
v 0.023183 0.238821 0.623958
v 0.063904 0.280858 0.697473
v 0.144520 0.311112 0.630444
v 0.201649 0.338505 0.621693
v 0.199143 0.321075 0.560204
v 0.057344 0.235223 0.536494
v 0.789843 -0.812627 0.917694
v 0.029477 -0.368285 1.402076
v 0.082931 -0.339591 1.480000
v 0.102661 -0.314108 1.535247
v 0.099363 -0.285062 1.598448
v 0.177815 -0.264761 1.562571
v 0.202751 -0.214597 1.618246
v 0.249626 -0.238666 1.507872
v 0.264590 -0.246339 1.446162
v 0.287027 -0.239247 1.369624
v 0.248454 -0.271409 1.329373
v 0.141837 -0.334196 1.373688
v -0.006125 -0.342485 1.550162
v 0.326683 -0.172424 1.485175
v 0.154032 -0.327818 1.261115
v -0.281217 -0.369378 1.430934
v -0.276354 -0.332600 1.561584
v -0.234888 -0.278669 1.679134
v -0.038821 -0.239370 1.745967
v 0.050460 -0.072952 1.867563
v 0.172538 -0.010606 1.829344
v 0.284420 0.036359 1.768331
v 0.385795 -0.038958 1.599499
v 0.491694 0.060467 1.428178
v 0.436457 -0.071174 1.334113
v 0.430041 -0.036079 1.176362
v 0.382492 -0.023275 0.989704
v 0.256722 -0.173118 1.024184
v 0.167144 -0.284531 1.096040
v 0.022615 -0.304143 1.026152
v -0.022266 -0.373454 1.163200
v -0.154068 -0.401577 1.339505
v -0.322075 -0.100248 1.854407
v -0.189150 -0.004908 1.933664
v 0.399153 0.270746 1.722998
v 0.487654 0.279158 1.564451
v 0.524215 0.208461 1.214318
v 0.082931 -0.140414 0.826993
v -0.275067 -0.362109 1.165295
v -0.702752 0.040405 1.107022
v -0.562264 -0.251064 1.379725
v -0.672015 -0.089278 1.546744
v -0.494900 -0.120763 1.734511
v -0.145143 0.289242 1.976239
v 0.088980 0.262743 1.947267
v 0.155992 0.577762 1.853117
v 0.435261 0.515825 1.468115
v 0.422607 0.368521 0.948109
v 0.206116 0.028330 0.795130
v -0.209333 -0.045376 0.717586
v -0.348395 -0.264818 0.952968
v -0.815763 0.119022 1.280715
v -0.588253 0.246137 1.850729
v -0.072611 0.587001 1.915621
v 0.396250 0.686157 1.285175
v 0.437726 0.540567 1.106389
v 0.206924 0.442197 0.757200
v 0.052289 0.331604 0.666219
v -0.174856 0.308881 0.627381
v -0.484484 0.055616 0.769265
v -0.629153 0.013323 0.914128
v -0.807954 0.331902 1.422686
v -0.363685 0.681411 1.806006
v 0.069650 0.862243 1.565598
v 0.191419 0.797964 1.056366
v 0.134798 0.725315 0.899661
v -0.374124 0.275860 0.686016
v -0.713090 0.576478 1.459291
v -0.596684 0.620502 1.674303
v -0.186267 0.848386 1.663876
v 0.027776 0.927449 1.281502
v -0.125774 0.750071 0.859091
v -0.225588 0.678789 0.800765
v -0.466987 0.544084 0.790077
v -0.637840 0.388179 0.871501
v -0.713763 0.570129 1.141186
v -0.720105 0.611714 1.303375
v -0.623738 0.710435 1.474436
v -0.541822 0.768837 1.521927
v -0.447441 0.825782 1.536954
v -0.295756 0.899389 1.500510
v -0.182537 0.936060 1.388962
v -0.106342 0.911540 1.130573
v -0.143786 0.851631 0.981408
v -0.381515 0.682143 0.843582
v -0.570402 0.594228 0.913487
v -0.646419 0.571865 0.991574
v -0.604519 0.712404 1.117751
v -0.587841 0.749845 1.189974
v -0.553680 0.793966 1.285631
v -0.509063 0.827411 1.317775
v -0.411684 0.878952 1.333284
v -0.306491 0.907864 1.217419
v -0.323217 0.877713 1.110087
v -0.383856 0.823970 1.034599
v -0.454542 0.755301 0.978870
v -0.531067 0.748402 1.062020
v -0.543385 0.796245 1.216800
v -0.454200 0.860077 1.269456
v -0.382388 0.886172 1.214757
v -0.387154 0.853016 1.097799
v -0.478248 0.806131 1.104985
v 0.169869 -0.314318 1.398834
v 0.213801 -1.812000 0.303601
v 0.253503 -1.787194 0.368565
v 0.273232 -1.761712 0.423812
v 0.320120 -1.728153 0.451495
v 0.376256 -1.699337 0.441039
v 0.472628 -1.632669 0.406015
v 0.431969 -1.687509 0.366300
v 0.472643 -1.667420 0.300316
v 0.448734 -1.694707 0.247154
v 0.368544 -1.752983 0.251797
v 0.265855 -1.801001 0.205881
v 0.172676 -1.786644 0.434199
v 0.340228 -1.666723 0.533122
v 0.380440 -1.744234 0.148971
v -0.110646 -1.816981 0.319498
v 0.016307 -1.790606 0.485754
v 0.009693 -1.660470 0.660641
v 0.218167 -1.629773 0.667708
v 0.343109 -1.458209 0.717909
v 0.454991 -1.411245 0.656896
v 0.556366 -1.486561 0.488065
v 0.646941 -1.392975 0.313128
v 0.590180 -1.540808 0.174460
v 0.526602 -1.549486 -0.028015
v 0.431744 -1.675008 0.001082
v 0.312405 -1.690415 -0.106986
v 0.240048 -1.782459 0.002068
v 0.022039 -1.816310 -0.025644
v -0.080843 -1.832098 0.189346
v -0.306094 -1.708114 0.461288
v -0.250575 -1.635926 0.618600
v -0.117608 -1.302433 0.827248
v 0.135189 -1.359239 0.848612
v 0.569724 -1.176857 0.611563
v 0.658225 -1.168446 0.453016
v 0.694786 -1.239143 0.102883
v 0.639267 -1.311330 -0.054429
v 0.407270 -1.494745 -0.258058
v 0.093944 -1.670094 -0.255370
v -0.532181 -1.407198 -0.004413
v -0.391692 -1.698668 0.268290
v -0.379380 -1.265881 0.750994
v 0.195796 -1.038096 0.850798
v 0.411993 -0.913908 0.707758
v 0.557200 -0.797837 0.181328
v 0.415625 -1.190161 -0.360204
v 0.097465 -1.314724 -0.464613
v -0.177823 -1.712422 -0.158467
v -0.559907 -1.506715 0.212554
v -0.520796 -1.424575 0.525418
v -0.053562 -0.897345 0.825182
v 0.517577 -0.737777 0.375526
v 0.595306 -0.954090 -0.101371
v -0.146906 -1.289376 -0.421448
v -0.313933 -1.391354 -0.344463
v -0.458581 -1.434281 -0.197307
v -0.645091 -1.165540 0.136616
v -0.637383 -1.115702 0.311251
v -0.580761 -1.043053 0.467956
v -0.347195 -0.859305 0.669480
v 0.115709 -0.622172 0.581372
v 0.240221 -0.585361 0.454162
v 0.420393 -0.744354 -0.139516
v 0.206278 -0.933144 -0.402326
v -0.467793 -0.805109 0.440071
v -0.154626 -0.663687 0.604601
v 0.136290 -0.523420 0.218539
v 0.180558 -0.530034 0.083456
v 0.243492 -0.631596 -0.130674
v 0.050827 -0.694434 -0.267708
v -0.064078 -0.872328 -0.391308
v -0.289327 -0.899430 -0.306694
v -0.467269 -1.059424 -0.239934
v -0.543192 -0.877474 0.029751
v -0.549533 -0.835890 0.191940
v -0.514599 -0.791310 0.287693
v -0.321659 -0.647929 0.430057
v -0.179262 -0.571906 0.406609
v -0.087983 -0.533907 0.355614
v -0.011966 -0.511543 0.277526
v 0.061720 -0.551392 -0.034274
v 0.026785 -0.595973 -0.130027
v -0.116563 -0.708515 -0.252826
v -0.210944 -0.765461 -0.267852
v -0.399831 -0.853375 -0.197949
v -0.475848 -0.875738 -0.119861
v -0.431016 -0.704570 0.109729
v -0.321449 -0.613266 0.251552
v -0.133434 -0.534579 0.148116
v -0.141583 -0.579132 -0.032977
v -0.270923 -0.649057 -0.087666
v -0.339023 -0.718037 -0.112618
v -0.425825 -0.743850 -0.024514
v -0.372814 -0.651359 0.105365
v -0.337791 -0.620319 0.148964
v -0.283628 -0.587527 0.158021
v -0.231014 -0.565507 0.129075
v -0.200046 -0.562671 0.073184
v -0.216583 -0.594587 -0.013636
v -0.295106 -0.635596 -0.011004
v -0.363548 -0.670029 0.013739
v 0.332514 -1.764135 0.295995
v 1.497539 -0.823800 -0.002722
v 1.500045 -0.806369 0.058766
v 1.535068 -0.775330 0.102365
v 1.600231 -0.698887 0.172145
v 1.617100 -0.729510 0.101324
v 1.713472 -0.662842 0.066300
v 1.672813 -0.717682 0.026585
v 1.713486 -0.697592 -0.039399
v 1.689578 -0.724879 -0.092561
v 1.609388 -0.783156 -0.087918
v 1.478259 -0.840010 -0.078731
v 1.400340 -0.854694 -0.022450
v 1.439881 -0.789604 0.142075
v 1.565839 -0.802868 -0.180416
v 1.117890 -0.858361 -0.022432
v 1.122080 -0.820650 0.113249
v 1.268626 -0.792649 0.196729
v 1.240392 -0.696987 0.332709
v 1.349846 -0.619407 0.380164
v 1.553829 -0.606565 0.328399
v 1.695835 -0.441418 0.317182
v 1.770492 -0.511338 0.194145
v 1.855569 -0.407122 0.104375
v 1.887785 -0.423148 -0.026587
v 1.847872 -0.548949 -0.117037
v 1.856709 -0.510625 -0.281026
v 1.767446 -0.579659 -0.367729
v 1.672589 -0.705181 -0.338631
v 1.553250 -0.720588 -0.446699
v 1.434030 -0.781919 -0.424997
v 1.389149 -0.851230 -0.287950
v 1.257349 -0.879354 -0.111644
v 0.963279 -0.804390 -0.229585
v 0.857064 -0.563491 0.290676
v 1.376033 -0.389411 0.508898
v 1.535592 -0.307335 0.479826
v 1.810568 -0.207030 0.271848
v 1.935630 -0.269315 -0.236832
v 1.648114 -0.524918 -0.597772
v 1.210041 -0.834583 -0.382618
v 0.765044 -0.632864 -0.099292
v 0.738860 -0.568056 0.097683
v 0.861464 -0.296054 0.411280
v 1.018845 -0.183301 0.504628
v 1.566337 0.098016 0.403687
v 1.855026 0.057236 0.085817
v 1.868634 0.127081 -0.143562
v 1.834022 -0.109255 -0.503041
v 1.656470 -0.220334 -0.699919
v 1.386671 -0.428210 -0.767230
v 1.201033 -0.525168 -0.734267
v 1.063021 -0.742595 -0.498182
v 0.651328 -0.393267 -0.368335
v 1.302328 -0.032742 0.523903
v 1.602224 0.301327 0.192279
v 1.738734 0.137326 -0.515831
v 0.926931 -0.422160 -0.681884
v 0.782263 -0.464453 -0.537022
v 0.595753 -0.195713 -0.203098
v 0.603461 -0.145874 -0.028464
v 0.660083 -0.073225 0.128242
v 1.047730 0.203635 0.354856
v 1.207236 0.285345 0.324496
v 1.568584 0.392175 -0.044680
v 1.372464 -0.014759 -0.769615
v 1.158565 -0.029321 -0.778103
v 0.999059 -0.111032 -0.747743
v 0.814731 0.142726 0.223153
v 1.218735 0.413164 0.092793
v 1.514398 0.393925 -0.321482
v 1.412814 0.265342 -0.595888
v 1.187664 0.201411 -0.667072
v 0.783887 -0.085067 -0.575308
v 0.697652 0.092353 -0.309964
v 0.691311 0.133938 -0.147774
v 0.726245 0.178518 -0.052022
v 0.787677 0.232659 0.023286
v 0.869593 0.291061 0.070777
v 0.963974 0.348006 0.085804
v 1.061582 0.397922 0.066894
v 1.267115 0.465193 -0.109972
v 1.307582 0.449091 -0.267164
v 1.302564 0.418435 -0.373989
v 1.242861 0.345165 -0.518285
v 0.981096 0.179409 -0.598112
v 0.803004 0.105270 -0.498619
v 0.809828 0.265258 -0.229985
v 0.878468 0.332541 -0.147476
v 1.031621 0.420508 -0.107727
v 1.091315 0.421620 -0.264573
v 1.133048 0.403617 -0.368265
v 1.027559 0.346194 -0.416550
v 0.938106 0.282243 -0.441398
v 0.815019 0.225978 -0.364228
v 0.868030 0.318469 -0.234349
v 0.928949 0.366512 -0.181335
v 0.985085 0.395328 -0.191791
v 1.029027 0.408396 -0.236392
v 1.038293 0.389725 -0.328019
v 0.951746 0.338531 -0.347172
v 0.877296 0.299798 -0.325975
v 1.585730 -0.789812 -0.053143