vn 0.000000 -0.996195 0.087155
vn 0.000000 -0.996195 0.087155
vn 0.000000 -0.996195 0.087156
vn 0.000000 -0.996195 0.087156
vn 0.000000 -0.996195 0.087155
vn 0.000000 -0.996195 0.087156
vn 0.000000 -0.996195 0.087155
vn 0.000000 -0.996195 0.087156
vn 0.000000 -0.996195 0.087155
vn 0.000000 -0.996195 0.087156
vn 0.000000 -0.996195 0.087155
vn 0.000000 -0.996195 0.087156
vn 0.000000 -0.996195 0.087155
vn 0.000000 -0.996195 0.087156
vn 0.000000 -0.996195 0.087155
vn 0.000000 -0.996195 0.087156
vn 0.000000 -0.996195 0.087155
vn 0.000000 -0.996195 0.087156
vn 0.000000 -0.996195 0.087155
vn 0.000000 -0.996195 0.087156
vn 0.000000 -0.996195 0.087155
vn 0.000000 -0.996195 0.087157
vn 0.000000 -0.996195 0.087157
vn 0.000000 -0.996195 0.087156
vn 0.000000 -0.996195 0.087156
vn 0.000000 -0.996195 0.087156
vn 0.000000 -0.996195 0.087156
vn 0.000000 -0.996195 0.087156
vn 0.000000 -0.996195 0.087156
vn 0.000000 -0.996195 0.087156
vn 0.000000 -0.996195 0.087156
vn 0.000000 -0.996195 0.087156
vn 0.000000 -0.996195 0.087155
vn 0.000000 -0.996195 0.087155
vn 0.000000 -0.996195 0.087155
vn 0.000000 -0.996195 0.087155
vn 0.000000 -0.996195 0.087155
vn 0.000000 -0.996195 0.087155
vn 0.000000 -0.996195 0.087155
vn 0.000000 -0.996195 0.087155
vn 0.000000 -0.996195 0.087155
vn 0.000000 -0.996195 0.087155
vn 0.000000 -0.996195 0.087155
vn 0.000000 -0.996195 0.087155
vn 0.000000 -0.996195 0.087156
vn 0.000000 -0.996195 0.087156
vn 0.000000 -0.996195 0.087156
vn 0.000000 -0.996195 0.087156
vn 0.000000 -0.996195 0.087156
vn 0.000000 -0.996195 0.087156
vn 0.000000 -0.996195 0.087156
vn 0.000000 -0.996195 0.087156
vn 0.000000 -0.996195 0.087156
vn 0.000000 -0.996195 0.087156
vn 0.000000 -0.996195 0.087156
vn 0.000000 -0.996195 0.087156
vn 0.000000 -0.996195 0.087156
vn 0.000000 -0.996195 0.087156
vn 0.000000 -0.996195 0.087156
vn 0.000000 -0.996195 0.087156
vn 0.000000 -0.996195 0.087156
vn 0.000000 -0.996195 0.087156
vn 0.000000 -0.996195 0.087156
vn 0.000000 -0.996195 0.087156
vn 0.000000 -0.996195 0.087156
vn 0.000000 -0.996195 0.087156
vn 0.000000 -0.996195 0.087156
vn 0.000000 -0.996195 0.087156
vn 0.000000 -0.996195 0.087156
vn 0.000000 -0.996195 0.087156
vn 0.000000 -0.996195 0.087156
vn 0.000000 -0.996195 0.087156
vn 0.000000 -0.996195 0.087156
vn 0.000000 -0.996195 0.087156
vn 0.000000 -0.996195 0.087156
vn 0.000000 -0.996195 0.087156
vn 0.000000 -0.996195 0.087156
vn 0.000000 -0.996195 0.087155
vn 0.000000 -0.996195 0.087155
vn 0.000000 -0.996195 0.087155
vn 0.000000 -0.996195 0.087155
vn 0.000000 -0.996195 0.087155
vn 0.000000 -0.996195 0.087155
vn 0.000000 -0.996195 0.087155
vn 0.000000 -0.996195 0.087155
vn 0.000000 -0.996195 0.087155
vn 0.000000 -0.996195 0.087155
vn 0.000000 -0.996195 0.087155
vn 0.000000 -0.996195 0.087155
vn 0.000000 -0.996195 0.087156
vn 0.000000 -0.996195 0.087156
vn 0.000000 -0.996195 0.087156
vn 0.000000 -0.996195 0.087156
vn 0.000000 -0.996195 0.087156
vn 0.000000 -0.996195 0.087156
vn 0.000000 -0.996195 0.087156
vn 0.000000 -0.996195 0.087156
vn 0.000000 -0.996195 0.087156
vn 0.000000 -0.996195 0.087157
vn 0.000000 -0.996195 0.087157
vn 0.000000 -0.996195 0.087156
vn 0.000000 -0.996195 0.087156
vn 0.000000 -0.996195 0.087156
vn 0.000000 -0.996195 0.087156
vn 0.000000 -0.996195 0.087156
vn 0.000000 -0.996195 0.087156
vn 0.000000 -0.996195 0.087156
vn 0.000000 -0.996195 0.087156
vn 0.000000 -0.996195 0.087156
vn 0.000000 -0.996195 0.087156
vn 0.000000 -0.996195 0.087155
vn 0.000000 -0.996195 0.087155
vn 0.000000 -0.996195 0.087155
vn 0.000000 -0.996195 0.087155
vn 0.000000 -0.996195 0.087155
vn 0.000000 -0.996195 0.087155
vn 0.000000 -0.996195 0.087155
vn 0.000000 -0.996195 0.087155
vn 0.000000 -0.996195 0.087155
vn 0.000000 -0.996195 0.087155
vn 0.000000 -0.996195 0.087155