v -23.594536 -0.656488 -7.503695
v -18.875629 -0.656488 -7.503695
v -14.156722 -0.656488 -7.503695
v -9.437814 -0.656488 -7.503695
v -4.718907 -0.656488 -7.503695
v 0.000000 -0.656488 -7.503695
v 4.718908 -0.656488 -7.503695
v 9.437814 -0.656488 -7.503695
v 14.156722 -0.656488 -7.503695
v 18.875631 -0.656488 -7.503695
v 23.594536 -0.656488 -7.503695
v -23.594536 -0.525192 -6.002956
v -18.875629 -0.525192 -6.002956
v -14.156722 -0.525192 -6.002956
v -9.437814 -0.525192 -6.002956
v -4.718907 -0.525192 -6.002956
v 0.000000 -0.525192 -6.002956
v 4.718908 -0.525192 -6.002956
v 9.437814 -0.525192 -6.002956
v 14.156722 -0.525192 -6.002956
v 18.875631 -0.525192 -6.002956
v 23.594536 -0.525192 -6.002956
v -23.594536 -0.393891 -4.502217
v -18.875629 -0.393891 -4.502217
v -14.156722 -0.393891 -4.502217
v -9.437814 -0.393891 -4.502217
v -4.718907 -0.393891 -4.502217
v 0.000000 -0.393891 -4.502217
v 4.718908 -0.393891 -4.502217
v 9.437814 -0.393891 -4.502217
v 14.156722 -0.393891 -4.502217
v 18.875631 -0.393891 -4.502217
v 23.594536 -0.393891 -4.502217
v -23.594536 -0.262596 -3.001478
v -18.875629 -0.262596 -3.001478
v -14.156722 -0.262596 -3.001478
v -9.437814 -0.262596 -3.001478
v -4.718907 -0.262596 -3.001478
v 0.000000 -0.262596 -3.001478
v 4.718908 -0.262596 -3.001478
v 9.437814 -0.262596 -3.001478
v 14.156722 -0.262596 -3.001478
v 18.875631 -0.262596 -3.001478
v 23.594536 -0.262596 -3.001478
v -23.594536 -0.131298 -1.500739
v -18.875629 -0.131298 -1.500739
v -14.156722 -0.131298 -1.500739
v -9.437814 -0.131298 -1.500739
v -4.718907 -0.131298 -1.500739
v 0.000000 -0.131298 -1.500739
v 4.718908 -0.131298 -1.500739
v 9.437814 -0.131298 -1.500739
v 14.156722 -0.131298 -1.500739
v 18.875631 -0.131298 -1.500739
v 23.594536 -0.131298 -1.500739
v -23.594536 0.000000 0.000000
v -18.875629 0.000000 0.000000
v -14.156722 0.000000 0.000000
v -9.437814 0.000000 0.000000
v -4.718907 0.000000 0.000000
v 0.000000 0.000000 0.000000
v 4.718908 0.000000 0.000000
v 9.437814 0.000000 0.000000
v 14.156722 0.000000 0.000000
v 18.875631 0.000000 0.000000
v 23.594536 0.000000 0.000000
v -23.594536 0.131298 1.500739
v -18.875629 0.131298 1.500739
v -14.156722 0.131298 1.500739
v -9.437814 0.131298 1.500739
v -4.718907 0.131298 1.500739
v 0.000000 0.131298 1.500739
v 4.718908 0.131298 1.500739
v 9.437814 0.131298 1.500739
v 14.156722 0.131298 1.500739
v 18.875631 0.131298 1.500739
v 23.594536 0.131298 1.500739
v -23.594536 0.262596 3.001478
v -18.875629 0.262596 3.001478
v -14.156722 0.262596 3.001478
v -9.437814 0.262596 3.001478
v -4.718907 0.262596 3.001478
v 0.000000 0.262596 3.001478
v 4.718908 0.262596 3.001478
v 9.437814 0.262596 3.001478
v 14.156722 0.262596 3.001478
v 18.875631 0.262596 3.001478
v 23.594536 0.262596 3.001478
v -23.594536 0.393891 4.502217
v -18.875629 0.393891 4.502217
v -14.156722 0.393891 4.502217
v -9.437814 0.393891 4.502217
v -4.718907 0.393891 4.502217
v 0.000000 0.393891 4.502217
v 4.718908 0.393891 4.502217
v 9.437814 0.393891 4.502217
v 14.156722 0.393891 4.502217
v 18.875631 0.393891 4.502217
v 23.594536 0.393891 4.502217
v -23.594536 0.525192 6.002957
v -18.875629 0.525192 6.002957
v -14.156722 0.525192 6.002957
v -9.437814 0.525192 6.002957
v -4.718907 0.525192 6.002957
v 0.000000 0.525192 6.002957
v 4.718908 0.525192 6.002957
v 9.437814 0.525192 6.002957
v 14.156722 0.525192 6.002957
v 18.875631 0.525192 6.002957
v 23.594536 0.525192 6.002957
v -23.594536 0.656488 7.503695
v -18.875629 0.656488 7.503695
v -14.156722 0.656488 7.503695
v -9.437814 0.656488 7.503695
v -4.718907 0.656488 7.503695
v 0.000000 0.656488 7.503695
v 4.718908 0.656488 7.503695
v 9.437814 0.656488 7.503695
v 14.156722 0.656488 7.503695
v 18.875631 0.656488 7.503695
v 23.594536 0.656488 7.503695