vn -0.022105 -0.396184 -0.917905
vn 0.105997 -0.547074 -0.830346
vn -0.071933 -0.479916 -0.874361
vn -0.084322 -0.570186 -0.817177
vn -0.056203 -0.652829 -0.755418
vn 0.021603 -0.709786 -0.704086
vn 0.234589 -0.668247 -0.705984
vn 0.075337 -0.767806 -0.636237
vn 0.161786 -0.784411 -0.598769
vn 0.282514 -0.777456 -0.561914
vn 0.368467 -0.707014 -0.603625
vn 0.410982 -0.548043 -0.728521
vn 0.447348 -0.679962 -0.580975
vn 0.517057 -0.609781 -0.600682
vn 0.557741 -0.526162 -0.641933
vn 0.561981 -0.442634 -0.698750
vn 0.513463 -0.379633 -0.769567
vn 0.290001 -0.397294 -0.870665
vn 0.487367 -0.292876 -0.822616
vn 0.426364 -0.235900 -0.873250
vn 0.333078 -0.208825 -0.919484
vn 0.229826 -0.217928 -0.948519
vn 0.132741 -0.260545 -0.956293
vn 0.064648 -0.342206 -0.937398
vn -0.219187 -0.286867 -0.932558
vn -0.280506 -0.425875 -0.860202
vn -0.292414 -0.567328 -0.769827
vn -0.253747 -0.697379 -0.670280
vn -0.173174 -0.812451 -0.556718
vn -0.045839 -0.869376 -0.492020
vn 0.185660 -0.856713 -0.481220
vn 0.361141 -0.814251 -0.454502
vn 0.533343 -0.715478 -0.451261
vn 0.622055 -0.612770 -0.487402
vn 0.674436 -0.491819 -0.550682
vn 0.677070 -0.378136 -0.631339
vn 0.641425 -0.263402 -0.720551
vn 0.614932 -0.111152 -0.780707
vn 0.484329 -0.013406 -0.874783
vn 0.354347 0.009796 -0.935063
vn 0.180961 -0.011553 -0.983422
vn 0.023420 -0.069046 -0.997339
vn -0.114462 -0.163912 -0.979812
vn 0.113220 -0.919931 -0.375378
vn 0.255919 -0.911637 -0.321594
vn 0.455175 -0.856335 -0.243938
vn 0.602368 -0.764993 -0.227902
vn 0.747055 -0.599651 -0.286927
vn 0.822118 -0.421184 -0.383049
vn 0.774601 -0.285160 -0.564515
vn 0.756590 -0.161742 -0.633570
vn -0.460045 -0.117532 -0.880082
vn -0.545431 -0.315058 -0.776687
vn -0.560597 -0.515578 -0.648005
vn -0.515176 -0.706144 -0.485752
vn -0.395717 -0.846098 -0.357109
vn -0.146486 -0.932767 -0.329375
vn 0.040378 -0.977217 -0.208369
vn 0.279811 -0.951170 -0.130309
vn 0.443152 -0.893064 0.077802
vn 0.896197 -0.166681 -0.411154
vn 0.797415 -0.032793 -0.602540
vn 0.694372 0.096365 -0.713135
vn 0.561997 0.268778 -0.782251
vn 0.341864 0.290091 -0.893855
vn 0.091842 0.283911 -0.954442
vn -0.112190 0.204622 -0.972390
vn -0.312797 0.057663 -0.948068
vn -0.244663 -0.955772 -0.163216
vn -0.020669 -0.999476 0.024914
vn 0.254388 -0.967097 -0.003136
vn 0.680618 -0.729783 0.064622
vn 0.846989 -0.531447 -0.013175
vn 0.946931 -0.303788 -0.105047
vn 0.886378 0.138124 -0.441878
vn 0.740150 0.235023 -0.630034
vn -0.679545 0.083149 -0.728907
vn -0.782673 -0.158674 -0.601868
vn -0.789704 -0.404587 -0.461170
vn -0.717386 -0.640120 -0.274960
vn -0.507460 -0.841631 -0.184774
vn -0.383712 -0.919645 0.083772
vn 0.138308 -0.974023 0.179304
vn 0.990854 0.028467 -0.131902
vn 0.754862 0.423495 -0.500834
vn 0.527661 0.455490 -0.717010
vn 0.295175 0.508521 -0.808875
vn 0.034061 0.571814 -0.819676
vn -0.245382 0.443702 -0.861926
vn -0.501760 0.283234 -0.817322
vn -0.631197 -0.774200 -0.046963
vn -0.206540 -0.860933 0.464904
vn 0.195728 -0.907311 0.372125
vn 0.482819 -0.821136 0.304339
vn 0.675055 -0.635831 0.374191
vn 0.865309 -0.414047 0.282499
vn 0.975185 -0.131693 0.177962
vn 0.893254 0.435679 -0.110819
vn 0.556669 0.589624 -0.585203
vn 0.292305 0.666759 -0.685558
vn -0.833925 0.306625 -0.458858
vn -0.938157 0.012787 -0.345974
vn -0.893713 -0.332242 -0.301483
vn -0.832150 -0.545040 -0.102265
vn -0.710656 -0.688274 0.145763
vn -0.544990 -0.709212 0.447219
vn 0.380561 -0.788262 0.483546
vn 0.930432 0.262498 0.255716
vn 0.709117 0.638000 -0.300183
vn 0.506600 0.702323 -0.500099
vn 0.216417 0.835688 -0.504766
vn -0.079397 0.705641 -0.704107
vn -0.347640 0.609267 -0.712699
vn -0.624576 0.471488 -0.622578
vn -0.971381 -0.211065 -0.108949
vn -0.882285 -0.470256 0.020791
vn 0.080595 -0.730658 0.677970
vn 0.424077 -0.686373 0.590805
vn 0.624306 -0.483030 0.613942
vn 0.807461 -0.255194 0.531867
vn 0.862998 0.034680 0.504015
vn 0.493373 0.824697 -0.276512
vn -0.124471 0.852127 -0.508317
vn -0.433842 0.758856 -0.485715
vn -0.915540 -0.378914 0.134947
vn -0.790593 -0.485918 0.372622
vn 0.311457 -0.565077 0.763991
vn 0.684846 0.725838 -0.064387
vn -0.675583 0.599371 -0.429351
vn -0.867728 0.473562 -0.150950
vn -0.975510 0.218905 -0.021463
vn -0.988229 -0.027298 0.150526
vn -0.921087 -0.282335 0.268117
vn 0.533789 -0.344659 0.772192
vn 0.695529 -0.127983 0.707008
vn 0.780833 0.593466 0.195187
vn 0.589864 0.806267 0.044660
vn 0.359113 0.930272 -0.075045
vn 0.092613 0.982488 -0.161682
vn -0.214698 0.951251 -0.221419
vn -0.676120 0.666235 -0.314632
vn -0.904072 -0.177600 0.388732
vn -0.753211 -0.368002 0.545203
vn -0.555195 -0.430187 0.711827
vn -0.314225 -0.485136 0.816031
vn -0.027440 -0.437490 0.898804
vn 0.259514 -0.411464 0.873699
vn 0.450033 -0.213833 0.867033
vn 0.626152 -0.005300 0.779683
vn 0.740192 0.203226 0.640948
vn 0.754539 0.431348 0.494580
vn 0.662314 0.663127 0.348716
vn 0.466214 0.840367 0.276456
vn -0.483502 0.862790 -0.147716
vn -0.693486 0.707573 -0.135712
vn -0.805149 0.571342 0.159069
vn -0.892176 0.364317 0.267011
vn -0.901611 0.170224 0.397646
vn -0.834257 -0.020242 0.551004
vn -0.737073 -0.223758 0.637696
vn 0.158444 -0.252605 0.954508
vn 0.302556 -0.046430 0.952000
vn 0.464044 0.139378 0.874778
vn 0.562677 0.325309 0.759979
vn 0.573060 0.525507 0.628843
vn 0.557180 0.695289 0.454009
vn 0.200296 0.956796 0.210766
vn -0.022540 0.990158 0.138125
vn -0.245229 0.963396 0.108310
vn -0.676696 0.736043 0.017997
vn -0.690522 -0.093143 0.717289
vn -0.527989 -0.186790 0.828455
vn -0.333146 -0.229179 0.914599
vn -0.115963 -0.197629 0.973394
vn 0.058180 -0.100886 0.993195
vn 0.444448 0.702378 0.555995
vn 0.262838 0.829115 0.493442
vn -0.474021 0.859225 0.192450
vn -0.643864 0.745825 0.170834
vn -0.669374 0.606569 0.428967
vn -0.732714 0.460592 0.500984
vn -0.739185 0.319706 0.592785
vn -0.694565 0.198919 0.691384
vn -0.599080 0.101488 0.794231
vn -0.470082 0.031191 0.882072
vn -0.317362 -0.073963 0.945416
vn -0.176944 0.031634 0.983712
vn -0.006714 0.088584 0.996046
vn 0.127449 0.175904 0.976122
vn 0.239952 0.306906 0.920995
vn 0.305226 0.434647 0.847301
vn 0.299976 0.576847 0.759778
vn 0.301678 0.712032 0.634035
vn 0.032598 0.877370 0.478707
vn -0.122786 0.905234 0.406787
vn -0.276018 0.878626 0.389654
vn -0.599632 0.734573 0.317559
vn -0.337921 0.104796 0.935322
vn 0.167258 0.698796 0.695492
vn 0.094771 0.770087 0.630860
vn -0.418352 0.799245 0.431496
vn -0.514413 0.716397 0.471333
vn -0.542243 0.590874 0.597361
vn -0.580562 0.500777 0.642005
vn -0.580976 0.410970 0.702546
vn -0.543982 0.335134 0.769266
vn -0.478240 0.281828 0.831781
vn -0.416887 0.267090 0.868832
vn -0.304940 0.242143 0.921075
vn -0.204730 0.254988 0.945022
vn -0.107001 0.274262 0.955684
vn -0.017852 0.330890 0.943500
vn 0.046138 0.410910 0.910508
vn 0.073928 0.502507 0.861407
vn 0.058765 0.583911 0.809688
vn 0.003478 0.652373 0.757890
vn -0.027673 0.736329 0.676057
vn -0.093479 0.779232 0.619725
vn -0.193177 0.789313 0.582811
vn -0.275490 0.765734 0.581169
vn -0.385980 0.710665 0.588196
vn -0.474170 0.658018 0.584958
vn -0.418369 0.514846 0.748265
vn -0.356521 0.394403 0.846959
vn -0.271665 0.389418 0.880086
vn -0.128954 0.477877 0.868910
vn -0.165306 0.660192 0.732681
vn -0.296335 0.654177 0.695872
vn 0.266148 -0.539535 -0.798791
vn -0.267856 0.529470 0.804932
vn -0.032481 -0.389561 -0.920428
vn 0.138606 -0.467007 -0.873323
vn -0.067996 -0.479553 -0.874874
vn -0.038995 -0.574162 -0.817812
vn 0.213344 -0.653232 -0.726480
vn -0.041780 -0.650157 -0.758651
vn -0.001269 -0.721333 -0.692587
vn 0.070038 -0.772866 -0.630693
vn 0.160194 -0.787016 -0.595772
vn 0.282252 -0.777371 -0.562164
vn 0.367966 -0.719358 -0.589173
vn 0.432237 -0.674020 -0.599056
vn 0.412791 -0.550799 -0.725413
vn 0.514933 -0.609461 -0.602827
vn 0.555588 -0.526519 -0.643506
vn 0.541487 -0.444047 -0.713872
vn 0.357795 -0.401761 -0.842954
vn 0.536190 -0.366076 -0.760584
vn 0.496593 -0.280964 -0.821252
vn 0.429307 -0.230691 -0.873199
vn 0.333341 -0.215474 -0.917853
vn 0.231760 -0.255087 -0.938732
vn 0.131760 -0.262809 -0.955809
vn 0.038117 -0.313520 -0.948816
vn -0.219187 -0.286867 -0.932558
vn -0.280505 -0.425876 -0.860202
vn -0.292413 -0.567328 -0.769827
vn -0.253746 -0.697379 -0.670280
vn -0.173173 -0.812450 -0.556719
vn -0.045839 -0.869376 -0.492020
vn 0.185660 -0.856713 -0.481220
vn 0.361141 -0.814251 -0.454503
vn 0.533343 -0.715478 -0.451262
vn 0.622055 -0.612770 -0.487402
vn 0.683487 -0.478013 -0.551679
vn 0.659340 -0.369230 -0.654935
vn 0.641302 -0.263398 -0.720661
vn 0.614932 -0.111152 -0.780707
vn 0.484329 -0.013406 -0.874784
vn 0.354347 0.009796 -0.935063
vn 0.180961 -0.011554 -0.983422
vn 0.023420 -0.069046 -0.997339
vn -0.114461 -0.163912 -0.979812
vn 0.113220 -0.919931 -0.375378
vn 0.255919 -0.911637 -0.321594
vn 0.455175 -0.856335 -0.243938
vn 0.602368 -0.764993 -0.227902
vn 0.773433 -0.560619 -0.295817
vn 0.805860 -0.353236 -0.475199
vn 0.756572 -0.161499 -0.633654
vn -0.460046 -0.117532 -0.880082
vn -0.545431 -0.315058 -0.776688
vn -0.560596 -0.515579 -0.648005
vn -0.515175 -0.706144 -0.485753
vn -0.395717 -0.846098 -0.357109
vn -0.146486 -0.932767 -0.329375
vn 0.040378 -0.977217 -0.208369
vn 0.279811 -0.951171 -0.130310
vn 0.438403 -0.895045 0.081839
vn 0.895640 -0.163089 -0.413801
vn 0.797415 -0.032793 -0.602539
vn 0.694372 0.096365 -0.713135
vn 0.561997 0.268778 -0.782252
vn 0.341864 0.290090 -0.893855
vn 0.091843 0.283911 -0.954442
vn -0.154309 0.227186 -0.961548
vn -0.298812 0.095322 -0.949540
vn -0.244663 -0.955772 -0.163216
vn -0.020669 -0.999476 0.024914
vn 0.254388 -0.967097 -0.003136
vn 0.680617 -0.729783 0.064623
vn 0.854646 -0.517258 -0.045002
vn 0.933672 -0.331509 -0.135495
vn 0.886378 0.138124 -0.441878
vn 0.740150 0.235023 -0.630034
vn -0.679545 0.083149 -0.728907
vn -0.782673 -0.158675 -0.601868
vn -0.789703 -0.404587 -0.461170
vn -0.717386 -0.640120 -0.274960
vn -0.507460 -0.841631 -0.184774
vn -0.383712 -0.919645 0.083772
vn 0.144607 -0.970284 0.194003
vn 0.990854 0.028467 -0.131901
vn 0.754862 0.423495 -0.500834
vn 0.527660 0.455490 -0.717010
vn 0.295175 0.508521 -0.808875
vn 0.009915 0.578772 -0.815430
vn -0.300189 0.552960 -0.777253
vn -0.485070 0.273017 -0.830764
vn -0.631197 -0.774200 -0.046962
vn -0.207215 -0.852931 0.479135
vn 0.198889 -0.881100 0.429076
vn 0.475795 -0.825105 0.304666
vn 0.675055 -0.635831 0.374191
vn 0.865309 -0.414047 0.282499
vn 0.975185 -0.131693 0.177962
vn 0.893254 0.435679 -0.110819
vn 0.556669 0.589624 -0.585204
vn 0.292305 0.666759 -0.685558
vn -0.833925 0.306625 -0.458858
vn -0.938157 0.012787 -0.345974
vn -0.893713 -0.332242 -0.301484
vn -0.832150 -0.545040 -0.102265
vn -0.710657 -0.688273 0.145764
vn -0.544990 -0.709211 0.447219
vn 0.433289 -0.772758 0.463795
vn 0.930432 0.262498 0.255717
vn 0.709116 0.638000 -0.300183
vn 0.506601 0.702323 -0.500099
vn 0.216418 0.835688 -0.504766
vn -0.051191 0.729630 -0.681924
vn -0.624623 0.471505 -0.622518
vn -0.971381 -0.211065 -0.108949
vn -0.882285 -0.470256 0.020791
vn 0.392154 -0.698237 0.598899
vn 0.624306 -0.483030 0.613941
vn 0.807461 -0.255194 0.531867
vn 0.862998 0.034680 0.504015
vn 0.493373 0.824697 -0.276511
vn -0.124472 0.852163 -0.508256
vn -0.433879 0.758900 -0.485612
vn -0.915540 -0.378914 0.134947
vn -0.790593 -0.485918 0.372622
vn 0.040602 -0.683915 0.728431
vn 0.310088 -0.561655 0.767065
vn 0.684845 0.725838 -0.064387
vn -0.675583 0.599370 -0.429352
vn -0.867729 0.473562 -0.150950
vn -0.975510 0.218905 -0.021463
vn -0.988229 -0.027299 0.150526
vn -0.921087 -0.282335 0.268116
vn 0.533789 -0.344659 0.772192
vn 0.695529 -0.127984 0.707008
vn 0.780832 0.593467 0.195187
vn 0.589863 0.806267 0.044660
vn 0.359113 0.930272 -0.075044
vn 0.092613 0.982487 -0.161682
vn -0.214697 0.951251 -0.221420
vn -0.676120 0.666235 -0.314631
vn -0.904071 -0.177600 0.388733
vn -0.753211 -0.368002 0.545204
vn -0.555195 -0.430187 0.711827
vn -0.318269 -0.480325 0.817308
vn -0.024614 -0.428082 0.903405
vn 0.259514 -0.411464 0.873699
vn 0.450033 -0.213834 0.867033
vn 0.626152 -0.005301 0.779683
vn 0.740192 0.203226 0.640948
vn 0.754539 0.431348 0.494581
vn 0.662314 0.663127 0.348716
vn 0.466214 0.840367 0.276456
vn -0.483502 0.862790 -0.147715
vn -0.693486 0.707573 -0.135712
vn -0.805149 0.571342 0.159070
vn -0.892176 0.364317 0.267010
vn -0.901611 0.170223 0.397645
vn -0.834258 -0.020243 0.551003
vn -0.737074 -0.223758 0.637695
vn 0.158444 -0.252605 0.954508
vn 0.302556 -0.046430 0.952000
vn 0.464044 0.139378 0.874778
vn 0.562677 0.325309 0.759979
vn 0.573060 0.525508 0.628843
vn 0.557180 0.695289 0.454009
vn 0.200297 0.956796 0.210766
vn -0.022540 0.990158 0.138124
vn -0.245228 0.963396 0.108309
vn -0.676696 0.736043 0.017998
vn -0.690523 -0.093143 0.717289
vn -0.527989 -0.186790 0.828455
vn -0.333146 -0.229178 0.914599
vn -0.115963 -0.197629 0.973394
vn 0.058181 -0.100886 0.993195
vn 0.444449 0.702378 0.555995
vn 0.262838 0.829115 0.493441
vn -0.474021 0.859225 0.192451
vn -0.643864 0.745825 0.170835
vn -0.669374 0.606569 0.428967
vn -0.732714 0.460592 0.500984
vn -0.739185 0.319705 0.592785
vn -0.694565 0.198919 0.691384
vn -0.599080 0.101488 0.794231
vn -0.470082 0.031191 0.882072
vn -0.317362 -0.073963 0.945416
vn -0.176945 0.031634 0.983712
vn -0.006713 0.088585 0.996046
vn 0.127448 0.175905 0.976122
vn 0.239951 0.306906 0.920995
vn 0.305225 0.434647 0.847301
vn 0.299976 0.576847 0.759778
vn 0.301679 0.712032 0.634035
vn 0.032598 0.877370 0.478707
vn -0.122786 0.905234 0.406787
vn -0.276018 0.878626 0.389654
vn -0.599633 0.734572 0.317560
vn -0.337921 0.104796 0.935322
vn 0.167258 0.698796 0.695492
vn 0.094770 0.770088 0.630859
vn -0.418351 0.799245 0.431497
vn -0.514413 0.716398 0.471331
vn -0.540204 0.591764 0.598327
vn -0.553252 0.508674 0.659669
vn -0.577404 0.411876 0.704956
vn -0.548591 0.330515 0.767990
vn -0.485399 0.271820 0.830964
vn -0.412042 0.259547 0.873417
vn -0.304941 0.242143 0.921074
vn -0.206311 0.251600 0.945586
vn -0.105023 0.270278 0.957037
vn -0.017053 0.329647 0.943950
vn 0.043317 0.412018 0.910146
vn 0.067437 0.503745 0.861216
vn 0.037887 0.581165 0.812903
vn 0.027442 0.666809 0.744723
vn -0.025030 0.737562 0.674815
vn -0.093905 0.778417 0.620685
vn -0.194294 0.786567 0.586142
vn -0.272701 0.765020 0.583420
vn -0.381475 0.720007 0.579713
vn -0.479941 0.662582 0.575015
vn -0.390799 0.601004 0.697187
vn -0.423029 0.450108 0.786415
vn -0.346984 0.391013 0.852473
vn -0.275076 0.387901 0.879696
vn -0.138064 0.456532 0.878930
vn -0.149661 0.648600 0.746271
vn -0.280552 0.663026 0.694037
vn 0.272960 -0.529385 -0.803271
vn -0.276673 0.529102 0.802187
vn -0.030629 -0.391297 -0.919755
vn 0.115773 -0.502559 -0.856756
vn -0.074247 -0.478756 -0.874803
vn -0.078165 -0.569457 -0.818297
vn -0.029872 -0.646987 -0.761916
vn 0.165305 -0.654820 -0.737486
vn -0.003411 -0.722252 -0.691621
vn 0.071580 -0.770576 -0.633316
vn 0.179692 -0.766211 -0.616953
vn 0.355214 -0.623812 -0.696191
vn 0.283927 -0.772074 -0.568583
vn 0.374487 -0.726821 -0.575752
vn 0.453356 -0.684921 -0.570396
vn 0.514237 -0.610531 -0.602339
vn 0.525850 -0.525787 -0.668603
vn 0.349919 -0.418958 -0.837873
vn 0.550085 -0.446683 -0.705606
vn 0.539059 -0.363790 -0.759653
vn 0.498314 -0.278703 -0.820980
vn 0.430105 -0.228717 -0.873326
vn 0.333526 -0.213466 -0.918256
vn 0.232911 -0.231281 -0.944596
vn 0.146690 -0.291316 -0.945313
vn 0.044751 -0.320523 -0.946183
vn -0.219187 -0.286867 -0.932558
vn -0.280505 -0.425875 -0.860202
vn -0.292414 -0.567328 -0.769827
vn -0.253746 -0.697379 -0.670280
vn -0.173173 -0.812450 -0.556719
vn -0.045839 -0.869376 -0.492020
vn 0.185660 -0.856713 -0.481220
vn 0.361142 -0.814251 -0.454502
vn 0.533343 -0.715478 -0.451261
vn 0.622055 -0.612770 -0.487402
vn 0.674436 -0.491819 -0.550682
vn 0.677070 -0.378136 -0.631340
vn 0.641424 -0.263402 -0.720551
vn 0.614932 -0.111152 -0.780707
vn 0.484328 -0.013406 -0.874784
vn 0.354347 0.009796 -0.935063
vn 0.180962 -0.011554 -0.983422
vn 0.023420 -0.069046 -0.997339
vn -0.114462 -0.163912 -0.979812
vn 0.113220 -0.919931 -0.375377
vn 0.255919 -0.911637 -0.321594
vn 0.455175 -0.856335 -0.243938
vn 0.602368 -0.764993 -0.227901
vn 0.747055 -0.599651 -0.286927
vn 0.822118 -0.421184 -0.383050
vn 0.774601 -0.285160 -0.564516
vn 0.756590 -0.161742 -0.633570
vn -0.460045 -0.117532 -0.880082
vn -0.545431 -0.315058 -0.776687
vn -0.560597 -0.515578 -0.648005
vn -0.515176 -0.706144 -0.485752
vn -0.395717 -0.846098 -0.357109
vn -0.146486 -0.932767 -0.329376
vn 0.040378 -0.977216 -0.208369
vn 0.279811 -0.951170 -0.130310
vn 0.443153 -0.893064 0.077802
vn 0.896197 -0.166682 -0.411154
vn 0.797415 -0.032794 -0.602539
vn 0.694372 0.096365 -0.713135
vn 0.561997 0.268778 -0.782252
vn 0.341864 0.290091 -0.893855
vn 0.091842 0.283911 -0.954442
vn -0.112190 0.204623 -0.972390
vn -0.312798 0.057663 -0.948068
vn -0.244663 -0.955772 -0.163216
vn -0.020669 -0.999476 0.024914
vn 0.254389 -0.967097 -0.003136
vn 0.680617 -0.729783 0.064623
vn 0.846989 -0.531447 -0.013174
vn 0.950017 -0.296760 -0.096961
vn 0.886378 0.138124 -0.441878
vn 0.740150 0.235023 -0.630034
vn -0.679545 0.083149 -0.728907
vn -0.782673 -0.158675 -0.601868
vn -0.789704 -0.404587 -0.461170
vn -0.717387 -0.640120 -0.274959
vn -0.507460 -0.841631 -0.184774
vn -0.383713 -0.919645 0.083772
vn 0.138308 -0.974023 0.179305
vn 0.991392 0.030791 -0.127255
vn 0.754862 0.423494 -0.500835
vn 0.527660 0.455490 -0.717010
vn 0.295175 0.508521 -0.808875
vn 0.034061 0.571814 -0.819676
vn -0.245382 0.443702 -0.861926
vn -0.501760 0.283234 -0.817322
vn -0.631197 -0.774199 -0.046962
vn -0.206540 -0.860933 0.464904
vn 0.195728 -0.907311 0.372125
vn 0.482819 -0.821136 0.304338
vn 0.675055 -0.635831 0.374191
vn 0.864533 -0.412400 0.287246
vn 0.970453 -0.111348 0.214061
vn 0.893255 0.435678 -0.110818
vn 0.556669 0.589624 -0.585204
vn 0.292305 0.666759 -0.685558
vn -0.833925 0.306625 -0.458858
vn -0.938157 0.012787 -0.345973
vn -0.893713 -0.332242 -0.301483
vn -0.832150 -0.545040 -0.102265
vn -0.710657 -0.688273 0.145764
vn -0.544990 -0.709211 0.447220
vn 0.380561 -0.788262 0.483546
vn 0.923448 0.275615 0.266985
vn 0.709117 0.638000 -0.300183
vn 0.506600 0.702323 -0.500098
vn 0.216417 0.835689 -0.504766
vn -0.079397 0.705641 -0.704107
vn -0.347640 0.609267 -0.712699
vn -0.624576 0.471488 -0.622578
vn -0.971381 -0.211065 -0.108949
vn -0.882285 -0.470256 0.020791
vn 0.080595 -0.730658 0.677970
vn 0.424077 -0.686373 0.590805
vn 0.624306 -0.483030 0.613941
vn 0.801330 -0.247783 0.544494
vn 0.493372 0.824697 -0.276511
vn -0.124471 0.852127 -0.508317
vn -0.433842 0.758856 -0.485716
vn -0.915540 -0.378914 0.134947
vn -0.790592 -0.485918 0.372623
vn 0.311458 -0.565077 0.763991
vn 0.843636 0.058237 0.533748
vn 0.684846 0.725838 -0.064386
vn -0.675583 0.599371 -0.429351
vn -0.867729 0.473562 -0.150950
vn -0.975510 0.218905 -0.021463
vn -0.988229 -0.027299 0.150526
vn -0.921087 -0.282335 0.268117
vn 0.533789 -0.344659 0.772191
vn 0.692052 -0.133251 0.709442
vn 0.780833 0.593467 0.195187
vn 0.589864 0.806267 0.044660
vn 0.359113 0.930272 -0.075044
vn 0.092613 0.982488 -0.161682
vn -0.214697 0.951251 -0.221419
vn -0.676120 0.666235 -0.314632
vn -0.904072 -0.177600 0.388732
vn -0.753211 -0.368002 0.545204
vn -0.555195 -0.430187 0.711827
vn -0.314225 -0.485135 0.816031
vn -0.027440 -0.437490 0.898805
vn 0.259514 -0.411463 0.873699
vn 0.450033 -0.213834 0.867033
vn 0.619477 -0.007447 0.784980
vn 0.734245 0.214514 0.644103
vn 0.754539 0.431349 0.494580
vn 0.662314 0.663127 0.348716
vn 0.466214 0.840367 0.276456
vn -0.483502 0.862790 -0.147716
vn -0.693485 0.707573 -0.135713
vn -0.805149 0.571342 0.159069
vn -0.892176 0.364317 0.267011
vn -0.901611 0.170223 0.397645
vn -0.834257 -0.020243 0.551003
vn -0.737074 -0.223758 0.637695
vn 0.158444 -0.252604 0.954509
vn 0.302556 -0.046431 0.952000
vn 0.464044 0.139378 0.874778
vn 0.562677 0.325309 0.759979
vn 0.573060 0.525507 0.628843
vn 0.557180 0.695289 0.454009
vn 0.200296 0.956796 0.210766
vn -0.022540 0.990158 0.138125
vn -0.245228 0.963396 0.108310
vn -0.676696 0.736043 0.017998
vn -0.690523 -0.093142 0.717289
vn -0.527988 -0.186790 0.828455
vn -0.333147 -0.229179 0.914598
vn -0.115963 -0.197629 0.973394
vn 0.058180 -0.100887 0.993195
vn 0.444448 0.702378 0.555995
vn 0.262838 0.829115 0.493441
vn -0.474021 0.859225 0.192450
vn -0.643864 0.745825 0.170836
vn -0.669374 0.606569 0.428967
vn -0.732714 0.460592 0.500984
vn -0.739185 0.319705 0.592785
vn -0.694564 0.198919 0.691384
vn -0.599080 0.101489 0.794231
vn -0.470082 0.031191 0.882072
vn -0.317362 -0.073963 0.945416
vn -0.176945 0.031634 0.983712
vn -0.006714 0.088585 0.996046
vn 0.127449 0.175904 0.976122
vn 0.239952 0.306906 0.920995
vn 0.305226 0.434646 0.847301
vn 0.299976 0.576847 0.759778
vn 0.301678 0.712032 0.634035
vn 0.032597 0.877370 0.478706
vn -0.122785 0.905234 0.406787
vn -0.276018 0.878626 0.389654
vn -0.599633 0.734573 0.317559
vn -0.337921 0.104797 0.935322
vn 0.167259 0.698796 0.695492
vn 0.094770 0.770088 0.630859
vn -0.418352 0.799245 0.431497
vn -0.514413 0.716397 0.471332
vn -0.542522 0.590947 0.597036
vn -0.580454 0.500836 0.642057
vn -0.580515 0.411219 0.702781
vn -0.543457 0.335571 0.769446
vn -0.477889 0.282279 0.831830
vn -0.417283 0.267424 0.868539
vn -0.304941 0.242143 0.921074
vn -0.209685 0.246495 0.946188
vn -0.104325 0.267568 0.957875
vn -0.021904 0.333373 0.942541
vn 0.011484 0.431097 0.902232
vn 0.064685 0.506106 0.860042
vn 0.071930 0.585915 0.807174
vn 0.035976 0.668833 0.742542
vn -0.023743 0.737750 0.674656
vn -0.096523 0.775317 0.624153
vn -0.196482 0.781683 0.591918
vn -0.267365 0.764224 0.586922
vn -0.385840 0.711089 0.587776
vn -0.474589 0.658303 0.584296
vn -0.418035 0.515614 0.747923
vn -0.357042 0.394589 0.846653
vn -0.281536 0.385073 0.878895
vn -0.171366 0.422321 0.890100
vn -0.130989 0.616517 0.776369
vn -0.284395 0.657299 0.697909
vn 0.259245 -0.544085 -0.797975
vn -0.269944 0.520195 0.810264
vn -0.028695 -0.390937 -0.919970
vn 0.181798 -0.438815 -0.879995
vn -0.059256 -0.481253 -0.874577
vn -0.041677 -0.568556 -0.821588
vn 0.147550 -0.638882 -0.755022
vn -0.053199 -0.653308 -0.755221
vn -0.006784 -0.723885 -0.689887
vn 0.071560 -0.770163 -0.633820
vn 0.178453 -0.764074 -0.619956
vn 0.353088 -0.626274 -0.695061
vn 0.283912 -0.771608 -0.569224
vn 0.374169 -0.726269 -0.576655
vn 0.452943 -0.684655 -0.571044
vn 0.513816 -0.610453 -0.602777
vn 0.531513 -0.528221 -0.662176
vn 0.404107 -0.444519 -0.799438
vn 0.560302 -0.442057 -0.700462
vn 0.544277 -0.360184 -0.757647
vn 0.496430 -0.282675 -0.820763
vn 0.405825 -0.266661 -0.874184
vn 0.330100 -0.230203 -0.915446
vn 0.229878 -0.225535 -0.946726
vn 0.126555 -0.252171 -0.959372
vn 0.035563 -0.310047 -0.950056
vn -0.219187 -0.286867 -0.932558
vn -0.280506 -0.425875 -0.860202
vn -0.292414 -0.567328 -0.769827
vn -0.253747 -0.697379 -0.670280
vn -0.173174 -0.812450 -0.556718
vn -0.045839 -0.869377 -0.492019
vn 0.185660 -0.856713 -0.481220
vn 0.361142 -0.814251 -0.454502
vn 0.533343 -0.715478 -0.451262
vn 0.622055 -0.612770 -0.487402
vn 0.674436 -0.491819 -0.550682
vn 0.677070 -0.378136 -0.631339
vn 0.641425 -0.263402 -0.720551
vn 0.614932 -0.111152 -0.780707
vn 0.484329 -0.013406 -0.874783
vn 0.354347 0.009796 -0.935063
vn 0.180961 -0.011553 -0.983422
vn 0.023420 -0.069046 -0.997339
vn -0.114462 -0.163912 -0.979812
vn 0.113220 -0.919931 -0.375378
vn 0.255919 -0.911637 -0.321594
vn 0.455175 -0.856335 -0.243938
vn 0.602368 -0.764993 -0.227902
vn 0.747055 -0.599651 -0.286928
vn 0.822118 -0.421184 -0.383049
vn 0.774601 -0.285160 -0.564515
vn 0.756590 -0.161742 -0.633570
vn -0.460045 -0.117532 -0.880082
vn -0.545431 -0.315058 -0.776687
vn -0.560597 -0.515578 -0.648005
vn -0.515175 -0.706144 -0.485752
vn -0.395717 -0.846098 -0.357109
vn -0.146486 -0.932767 -0.329376
vn 0.040378 -0.977216 -0.208369
vn 0.279811 -0.951170 -0.130310
vn 0.443153 -0.893064 0.077802
vn 0.896197 -0.166681 -0.411154
vn 0.797415 -0.032793 -0.602539
vn 0.694372 0.096366 -0.713134
vn 0.561997 0.268778 -0.782251
vn 0.341864 0.290091 -0.893855
vn 0.091842 0.283912 -0.954442
vn -0.112190 0.204622 -0.972390
vn -0.312797 0.057663 -0.948068
vn -0.244663 -0.955772 -0.163216
vn -0.020669 -0.999476 0.024915
vn 0.254389 -0.967097 -0.003135
vn 0.680617 -0.729784 0.064623
vn 0.846989 -0.531447 -0.013175
vn 0.950017 -0.296760 -0.096962
vn 0.886378 0.138124 -0.441878
vn 0.740150 0.235023 -0.630034
vn -0.679544 0.083149 -0.728907
vn -0.782673 -0.158675 -0.601869
vn -0.789704 -0.404587 -0.461170
vn -0.717386 -0.640120 -0.274960
vn -0.507460 -0.841631 -0.184774
vn -0.383712 -0.919645 0.083772
vn 0.138308 -0.974023 0.179304
vn 0.991392 0.030791 -0.127255
vn 0.754862 0.423495 -0.500835
vn 0.527661 0.455489 -0.717010
vn 0.295175 0.508521 -0.808875
vn 0.034061 0.571814 -0.819676
vn -0.245382 0.443702 -0.861926
vn -0.501760 0.283234 -0.817322
vn -0.631197 -0.774200 -0.046963
vn -0.206540 -0.860933 0.464904
vn 0.195728 -0.907311 0.372125
vn 0.482818 -0.821136 0.304339
vn 0.675055 -0.635831 0.374191
vn 0.864533 -0.412400 0.287245
vn 0.970453 -0.111349 0.214060
vn 0.893254 0.435679 -0.110819
vn 0.556669 0.589624 -0.585204
vn 0.292305 0.666759 -0.685558
vn -0.833925 0.306625 -0.458858
vn -0.938157 0.012787 -0.345973
vn -0.893713 -0.332242 -0.301483
vn -0.832150 -0.545040 -0.102265
vn -0.710657 -0.688274 0.145763
vn -0.544990 -0.709212 0.447219
vn 0.380561 -0.788262 0.483546
vn 0.923448 0.275615 0.266985
vn 0.709117 0.638000 -0.300183
vn 0.506600 0.702323 -0.500099
vn 0.216417 0.835689 -0.504766
vn -0.079397 0.705641 -0.704107
vn -0.347640 0.609267 -0.712699
vn -0.624576 0.471488 -0.622579
vn -0.971381 -0.211065 -0.108949
vn -0.882285 -0.470256 0.020792
vn 0.080595 -0.730658 0.677970
vn 0.424077 -0.686373 0.590805
vn 0.624306 -0.483030 0.613942
vn 0.801330 -0.247782 0.544494
vn 0.493373 0.824697 -0.276512
vn -0.124471 0.852127 -0.508318
vn -0.433842 0.758856 -0.485715
vn -0.915540 -0.378914 0.134947
vn -0.790593 -0.485918 0.372621
vn 0.311458 -0.565077 0.763991
vn 0.843636 0.058236 0.533748
vn 0.684846 0.725838 -0.064387
vn -0.675583 0.599371 -0.429351
vn -0.867729 0.473562 -0.150950
vn -0.975510 0.218905 -0.021462
vn -0.988229 -0.027299 0.150526
vn -0.921087 -0.282335 0.268116
vn 0.533788 -0.344658 0.772192
vn 0.692052 -0.133250 0.709442
vn 0.780833 0.593466 0.195187
vn 0.589864 0.806267 0.044660
vn 0.359113 0.930272 -0.075045
vn 0.092613 0.982488 -0.161682
vn -0.214697 0.951251 -0.221419
vn -0.676120 0.666235 -0.314631
vn -0.904072 -0.177600 0.388732
vn -0.753211 -0.368002 0.545204
vn -0.555195 -0.430187 0.711827
vn -0.314225 -0.485136 0.816031
vn -0.027440 -0.437491 0.898804
vn 0.259514 -0.411464 0.873699
vn 0.450033 -0.213833 0.867033
vn 0.619477 -0.007447 0.784980
vn 0.734245 0.214513 0.644103
vn 0.754539 0.431348 0.494580
vn 0.662314 0.663127 0.348715
vn 0.466214 0.840367 0.276456
vn -0.483502 0.862790 -0.147716
vn -0.693485 0.707573 -0.135713
vn -0.805149 0.571342 0.159069
vn -0.892176 0.364317 0.267011
vn -0.901611 0.170224 0.397645
vn -0.834257 -0.020243 0.551004
vn -0.737073 -0.223758 0.637696
vn 0.158445 -0.252605 0.954508
vn 0.302556 -0.046429 0.952000
vn 0.464043 0.139379 0.874779
vn 0.562677 0.325310 0.759979
vn 0.573060 0.525507 0.628843
vn 0.557180 0.695289 0.454009
vn 0.200296 0.956796 0.210766
vn -0.022541 0.990158 0.138126
vn -0.245228 0.963396 0.108310
vn -0.676696 0.736043 0.017998
vn -0.690522 -0.093143 0.717289
vn -0.527988 -0.186789 0.828455
vn -0.333147 -0.229178 0.914599
vn -0.115963 -0.197628 0.973394
vn 0.058180 -0.100886 0.993195
vn 0.444448 0.702377 0.555996
vn 0.262838 0.829115 0.493442
vn -0.474021 0.859225 0.192451
vn -0.643864 0.745825 0.170835
vn -0.669374 0.606569 0.428967
vn -0.732713 0.460593 0.500985
vn -0.739184 0.319706 0.592785
vn -0.694564 0.198919 0.691384
vn -0.599080 0.101489 0.794232
vn -0.470081 0.031191 0.882072
vn -0.317362 -0.073962 0.945416
vn -0.176945 0.031634 0.983712
vn -0.006714 0.088585 0.996046
vn 0.127448 0.175906 0.976122
vn 0.239950 0.306907 0.920995
vn 0.305225 0.434647 0.847302
vn 0.299976 0.576846 0.759778
vn 0.301678 0.712031 0.634036
vn 0.032597 0.877369 0.478707
vn -0.122786 0.905233 0.406788
vn -0.276018 0.878626 0.389654
vn -0.599633 0.734573 0.317559
vn -0.337921 0.104796 0.935322
vn 0.167258 0.698796 0.695492
vn 0.094770 0.770087 0.630860
vn -0.418352 0.799245 0.431497
vn -0.514413 0.716397 0.471333
vn -0.541450 0.590809 0.598144
vn -0.579234 0.501069 0.642976
vn -0.579375 0.411771 0.703399
vn -0.542557 0.336310 0.769758
vn -0.477282 0.283077 0.831907
vn -0.417614 0.267931 0.868223
vn -0.304941 0.242142 0.921075
vn -0.207824 0.248863 0.945979
vn -0.104235 0.268194 0.957709
vn -0.018803 0.330823 0.943506
vn 0.037666 0.414708 0.909175
vn 0.040299 0.509033 0.859803
vn 0.065259 0.585798 0.807826
vn 0.032504 0.668071 0.743387
vn -0.023788 0.737972 0.674412
vn -0.095079 0.776946 0.622346
vn -0.195471 0.783882 0.589339
vn -0.269972 0.764484 0.585388
vn -0.386086 0.710461 0.588373
vn -0.473838 0.657848 0.585417
vn -0.417613 0.515607 0.748164
vn -0.358380 0.395056 0.845869
vn -0.278072 0.386544 0.879352
vn -0.152711 0.437631 0.886092
vn -0.138001 0.633500 0.761337
vn -0.288887 0.655902 0.697379
vn 0.271541 -0.540165 -0.796547
vn -0.268782 0.523504 0.808517
vn -0.028857 -0.391102 -0.919895
vn 0.148532 -0.446001 -0.882622
vn -0.037335 -0.493821 -0.868762
vn 0.154374 -0.635294 -0.756684
vn -0.067302 -0.570565 -0.818490
vn -0.056719 -0.654298 -0.754107
vn -0.009547 -0.725442 -0.688217
vn 0.069778 -0.771960 -0.631829
vn 0.162987 -0.779134 -0.605298
vn 0.284648 -0.752144 -0.594353
vn 0.394118 -0.570732 -0.720372
vn 0.369645 -0.717113 -0.590856
vn 0.451260 -0.682559 -0.574872
vn 0.520000 -0.610490 -0.597412
vn 0.557705 -0.526439 -0.641738
vn 0.559354 -0.444022 -0.699977
vn 0.517789 -0.380581 -0.766193
vn 0.339809 -0.393862 -0.854050
vn 0.492704 -0.285922 -0.821883
vn 0.428216 -0.232549 -0.873242
vn 0.333296 -0.213211 -0.918398
vn 0.230359 -0.249707 -0.940522
vn 0.130236 -0.259652 -0.956880
vn 0.038078 -0.313023 -0.948982
vn -0.219188 -0.286866 -0.932558
vn -0.280507 -0.425875 -0.860202
vn -0.292415 -0.567328 -0.769826
vn -0.253748 -0.697379 -0.670279
vn -0.173174 -0.812451 -0.556717
vn -0.045840 -0.869377 -0.492019
vn 0.185660 -0.856713 -0.481220
vn 0.361142 -0.814251 -0.454502
vn 0.533344 -0.715477 -0.451261
vn 0.622055 -0.612770 -0.487402
vn 0.683487 -0.478013 -0.551679
vn 0.659340 -0.369230 -0.654935
vn 0.641302 -0.263398 -0.720662
vn 0.614932 -0.111152 -0.780707
vn 0.484329 -0.013405 -0.874783
vn 0.354347 0.009797 -0.935063
vn 0.180961 -0.011553 -0.983422
vn 0.023419 -0.069045 -0.997339
vn -0.114462 -0.163912 -0.979812
vn 0.113220 -0.919931 -0.375379
vn 0.255919 -0.911638 -0.321593
vn 0.455175 -0.856335 -0.243938
vn 0.602367 -0.764993 -0.227903
vn 0.773433 -0.560619 -0.295818
vn 0.805859 -0.353236 -0.475200
vn 0.756571 -0.161500 -0.633654
vn -0.460046 -0.117532 -0.880082
vn -0.545432 -0.315058 -0.776687
vn -0.560598 -0.515578 -0.648004
vn -0.515176 -0.706143 -0.485752
vn -0.395717 -0.846098 -0.357108
vn -0.146486 -0.932767 -0.329375
vn 0.040378 -0.977217 -0.208368
vn 0.279812 -0.951170 -0.130309
vn 0.438403 -0.895045 0.081838
vn 0.895640 -0.163090 -0.413801
vn 0.797415 -0.032793 -0.602539
vn 0.694373 0.096366 -0.713134
vn 0.561998 0.268779 -0.782251
vn 0.341864 0.290091 -0.893855
vn 0.091842 0.283912 -0.954442
vn -0.112190 0.204623 -0.972390
vn -0.312798 0.057664 -0.948068
vn -0.244663 -0.955772 -0.163216
vn -0.017279 -0.999817 0.008184
vn 0.254388 -0.967097 -0.003136
vn 0.680617 -0.729784 0.064622
vn 0.854645 -0.517258 -0.045002
vn 0.933672 -0.331509 -0.135495
vn 0.886378 0.138124 -0.441878
vn 0.740150 0.235023 -0.630033
vn -0.679545 0.083149 -0.728907
vn -0.782673 -0.158675 -0.601868
vn -0.789704 -0.404587 -0.461169
vn -0.717386 -0.640120 -0.274960
vn -0.507460 -0.841631 -0.184775
vn -0.386027 -0.919561 0.073421
vn 0.167448 -0.968021 0.186805
vn 0.990854 0.028467 -0.131901
vn 0.754862 0.423495 -0.500834
vn 0.527661 0.455490 -0.717010
vn 0.295175 0.508521 -0.808875
vn 0.034181 0.571722 -0.819735
vn -0.245370 0.443629 -0.861967
vn -0.501760 0.283234 -0.817322
vn -0.631197 -0.774200 -0.046962
vn -0.148066 -0.930042 0.336300
vn 0.164504 -0.877879 0.449741
vn 0.475795 -0.825105 0.304666
vn 0.675055 -0.635832 0.374191
vn 0.865309 -0.414047 0.282499
vn 0.975186 -0.131693 0.177961
vn 0.893254 0.435679 -0.110819
vn 0.556669 0.589624 -0.585204
vn 0.292305 0.666759 -0.685558
vn -0.833925 0.306625 -0.458858
vn -0.938157 0.012787 -0.345973
vn -0.893713 -0.332242 -0.301483
vn -0.832150 -0.545040 -0.102265
vn -0.710657 -0.688273 0.145764
vn -0.525189 -0.722461 0.449697
vn 0.433288 -0.772758 0.463795
vn 0.930432 0.262498 0.255717
vn 0.709117 0.638000 -0.300183
vn 0.506600 0.702323 -0.500099
vn 0.217720 0.837798 -0.500692
vn -0.106220 0.775862 -0.621897
vn -0.373260 0.578342 -0.725395
vn -0.624576 0.471488 -0.622578
vn -0.971381 -0.211065 -0.108949
vn -0.882285 -0.470256 0.020791
vn 0.392153 -0.698238 0.598899
vn 0.624306 -0.483030 0.613942
vn 0.807461 -0.255194 0.531867
vn 0.862999 0.034680 0.504015
vn 0.493373 0.824697 -0.276511
vn -0.413311 0.760568 -0.500709
vn -0.915540 -0.378914 0.134948
vn -0.790593 -0.485918 0.372622
vn -0.251071 -0.715032 0.652452
vn 0.036427 -0.673882 0.737941
vn 0.310088 -0.561655 0.767065
vn 0.684846 0.725838 -0.064387
vn -0.675583 0.599371 -0.429351
vn -0.867729 0.473562 -0.150950
vn -0.975510 0.218905 -0.021463
vn -0.988229 -0.027299 0.150526
vn -0.921087 -0.282335 0.268117
vn 0.533789 -0.344658 0.772192
vn 0.695529 -0.127984 0.707008
vn 0.780833 0.593466 0.195187
vn 0.589864 0.806267 0.044660
vn 0.359113 0.930272 -0.075044
vn 0.069117 0.979340 -0.190045
vn -0.181400 0.949262 -0.256898
vn -0.676120 0.666235 -0.314632
vn -0.904072 -0.177600 0.388732
vn -0.753211 -0.368002 0.545204
vn -0.569057 -0.414403 0.710242
vn -0.307334 -0.453808 0.836424
vn -0.024614 -0.428083 0.903404
vn 0.259514 -0.411464 0.873699
vn 0.450033 -0.213833 0.867033
vn 0.626151 -0.005301 0.779683
vn 0.740192 0.203227 0.640948
vn 0.754539 0.431348 0.494580
vn 0.662314 0.663127 0.348716
vn 0.466214 0.840367 0.276456
vn -0.483502 0.862790 -0.147716
vn -0.693485 0.707573 -0.135713
vn -0.805149 0.571342 0.159070
vn -0.892176 0.364317 0.267011
vn -0.901611 0.170223 0.397645
vn -0.834257 -0.020243 0.551004
vn -0.737073 -0.223758 0.637695
vn 0.158445 -0.252605 0.954508
vn 0.302556 -0.046430 0.952000
vn 0.464044 0.139378 0.874778
vn 0.562677 0.325309 0.759979
vn 0.573060 0.525507 0.628843
vn 0.557179 0.695289 0.454009
vn 0.200296 0.956796 0.210766
vn -0.022540 0.990158 0.138125
vn -0.245228 0.963396 0.108310
vn -0.676696 0.736043 0.017998
vn -0.690523 -0.093142 0.717289
vn -0.527989 -0.186789 0.828455
vn -0.333147 -0.229178 0.914599
vn -0.115963 -0.197628 0.973394
vn 0.058180 -0.100886 0.993195
vn 0.444449 0.702378 0.555996
vn 0.262838 0.829115 0.493441
vn -0.474021 0.859225 0.192450
vn -0.643864 0.745825 0.170835
vn -0.669374 0.606569 0.428967
vn -0.732714 0.460592 0.500984
vn -0.739185 0.319705 0.592785
vn -0.694564 0.198919 0.691384
vn -0.599080 0.101489 0.794231
vn -0.470081 0.031191 0.882072
vn -0.317362 -0.073962 0.945416
vn -0.176945 0.031635 0.983712
vn -0.006714 0.088585 0.996046
vn 0.127448 0.175905 0.976122
vn 0.239951 0.306906 0.920995
vn 0.305225 0.434647 0.847301
vn 0.299977 0.576847 0.759778
vn 0.301679 0.712032 0.634035
vn 0.032597 0.877370 0.478707
vn -0.122786 0.905234 0.406787
vn -0.276018 0.878626 0.389654
vn -0.599632 0.734573 0.317559
vn -0.337921 0.104796 0.935322
vn 0.167258 0.698796 0.695492
vn 0.094770 0.770087 0.630860
vn -0.418352 0.799245 0.431497
vn -0.514413 0.716397 0.471333
vn -0.540203 0.591765 0.598326
vn -0.553252 0.508674 0.659669
vn -0.577403 0.411876 0.704957
vn -0.548591 0.330515 0.767989
vn -0.485399 0.271821 0.830964
vn -0.412042 0.259546 0.873417
vn -0.304941 0.242143 0.921074
vn -0.207824 0.248863 0.945979
vn -0.104235 0.268193 0.957709
vn -0.018803 0.330823 0.943506
vn 0.037667 0.414707 0.909175
vn 0.040299 0.509033 0.859803
vn 0.065259 0.585799 0.807825
vn 0.032504 0.668072 0.743387
vn -0.023788 0.737972 0.674412
vn -0.095079 0.776946 0.622346
vn -0.195471 0.783882 0.589339
vn -0.269972 0.764484 0.585388
vn -0.381476 0.720006 0.579713
vn -0.479942 0.662582 0.575014
vn -0.390800 0.601005 0.697186
vn -0.423030 0.450108 0.786415
vn -0.346984 0.391013 0.852474
vn -0.278073 0.386544 0.879352
vn -0.152710 0.437630 0.886092
vn -0.138001 0.633500 0.761337
vn -0.276880 0.663889 0.694686
vn 0.264312 -0.528526 -0.806721
vn -0.277361 0.526261 0.803816
vn -0.022105 -0.396185 -0.917905
vn 0.105427 -0.550308 -0.828279
vn -0.071933 -0.479916 -0.874361
vn -0.084323 -0.570185 -0.817177
vn -0.056203 -0.652830 -0.755417
vn 0.028211 -0.708505 -0.705142
vn 0.282545 -0.653320 -0.702382
vn 0.080305 -0.762864 -0.641553
vn 0.163385 -0.782091 -0.601365
vn 0.283192 -0.779902 -0.558171
vn 0.373673 -0.728086 -0.574682
vn 0.447089 -0.681933 -0.578861
vn 0.491971 -0.604014 -0.627002
vn 0.412947 -0.467291 -0.781738
vn 0.548488 -0.526872 -0.649282
vn 0.565526 -0.439789 -0.697686
vn 0.546009 -0.359141 -0.756896
vn 0.495263 -0.284689 -0.820772
vn 0.412975 -0.263718 -0.871725
vn 0.239934 -0.393182 -0.887604
vn 0.331559 -0.217945 -0.917915
vn 0.229242 -0.218679 -0.948487
vn 0.129171 -0.254905 -0.958300
vn 0.057494 -0.340303 -0.938556
vn -0.219188 -0.286867 -0.932558
vn -0.280506 -0.425875 -0.860202
vn -0.292414 -0.567328 -0.769827
vn -0.253747 -0.697381 -0.670278
vn -0.173174 -0.812451 -0.556718
vn -0.045840 -0.869376 -0.492020
vn 0.185661 -0.856713 -0.481220
vn 0.361141 -0.814251 -0.454502
vn 0.533343 -0.715478 -0.451261
vn 0.622055 -0.612770 -0.487402
vn 0.674436 -0.491818 -0.550682
vn 0.677070 -0.378136 -0.631340
vn 0.641425 -0.263403 -0.720551
vn 0.614933 -0.111152 -0.780707
vn 0.484329 -0.013404 -0.874784
vn 0.354347 0.009797 -0.935063
vn 0.180961 -0.011553 -0.983422
vn 0.023419 -0.069045 -0.997339
vn -0.114462 -0.163911 -0.979812
vn 0.113220 -0.919930 -0.375379
vn 0.255920 -0.911637 -0.321594
vn 0.455175 -0.856335 -0.243938
vn 0.602367 -0.764993 -0.227902
vn 0.747055 -0.599651 -0.286928
vn 0.822117 -0.421184 -0.383050
vn 0.774600 -0.285161 -0.564516
vn 0.756590 -0.161742 -0.633570
vn -0.460046 -0.117532 -0.880082
vn -0.545431 -0.315058 -0.776688
vn -0.560597 -0.515579 -0.648004
vn -0.515177 -0.706144 -0.485751
vn -0.395717 -0.846098 -0.357109
vn -0.146486 -0.932766 -0.329376
vn 0.040378 -0.977216 -0.208369
vn 0.279812 -0.951170 -0.130309
vn 0.438403 -0.895045 0.081839
vn 0.896197 -0.166682 -0.411155
vn 0.797415 -0.032793 -0.602539
vn 0.694373 0.096365 -0.713134
vn 0.561997 0.268779 -0.782251
vn 0.341864 0.290091 -0.893855
vn 0.091842 0.283912 -0.954442
vn -0.112190 0.204623 -0.972390
vn -0.312798 0.057664 -0.948068
vn -0.244663 -0.955772 -0.163216
vn -0.017280 -0.999817 0.008185
vn 0.254389 -0.967097 -0.003135
vn 0.680617 -0.729784 0.064622
vn 0.846989 -0.531447 -0.013175
vn 0.950017 -0.296761 -0.096962
vn 0.886378 0.138124 -0.441878
vn 0.740150 0.235023 -0.630033
vn -0.679545 0.083150 -0.728906
vn -0.782673 -0.158674 -0.601868
vn -0.789704 -0.404586 -0.461170
vn -0.717387 -0.640120 -0.274959
vn -0.507460 -0.841631 -0.184775
vn -0.386027 -0.919561 0.073422
vn 0.167447 -0.968021 0.186805
vn 0.991392 0.030791 -0.127255
vn 0.754862 0.423495 -0.500834
vn 0.527660 0.455490 -0.717010
vn 0.295175 0.508521 -0.808875
vn 0.034061 0.571814 -0.819676
vn -0.245382 0.443702 -0.861926
vn -0.501761 0.283235 -0.817322
vn -0.631197 -0.774200 -0.046962
vn -0.148066 -0.930042 0.336300
vn 0.164504 -0.877879 0.449741
vn 0.475795 -0.825105 0.304665
vn 0.675055 -0.635832 0.374191
vn 0.864533 -0.412400 0.287245
vn 0.970453 -0.111349 0.214060
vn 0.893255 0.435679 -0.110819
vn 0.556669 0.589624 -0.585204
vn 0.292305 0.666759 -0.685558
vn -0.833925 0.306625 -0.458857
vn -0.938157 0.012787 -0.345974
vn -0.893713 -0.332242 -0.301483
vn -0.832150 -0.545040 -0.102265
vn -0.710657 -0.688273 0.145764
vn -0.525189 -0.722461 0.449697
vn 0.433289 -0.772759 0.463794
vn 0.923448 0.275615 0.266985
vn 0.709117 0.638000 -0.300183
vn 0.506600 0.702323 -0.500099
vn 0.216417 0.835689 -0.504766
vn -0.079397 0.705641 -0.704107
vn -0.347640 0.609267 -0.712699
vn -0.624576 0.471488 -0.622578
vn -0.971381 -0.211065 -0.108949
vn -0.882285 -0.470256 0.020791
vn 0.392154 -0.698237 0.598899
vn 0.624306 -0.483030 0.613941
vn 0.801330 -0.247782 0.544494
vn 0.493373 0.824697 -0.276512
vn -0.124471 0.852127 -0.508317
vn -0.433842 0.758855 -0.485716
vn -0.915540 -0.378914 0.134947
vn -0.790592 -0.485918 0.372623
vn -0.251071 -0.715031 0.652452
vn 0.036426 -0.673881 0.737941
vn 0.310088 -0.561655 0.767065
vn 0.843636 0.058236 0.533748
vn 0.684846 0.725838 -0.064387
vn -0.675583 0.599371 -0.429351
vn -0.867728 0.473562 -0.150951
vn -0.975510 0.218905 -0.021463
vn -0.988229 -0.027299 0.150526
vn -0.921087 -0.282336 0.268116
vn 0.533789 -0.344659 0.772192
vn 0.692052 -0.133251 0.709442
vn 0.780833 0.593466 0.195187
vn 0.589864 0.806267 0.044660
vn 0.359113 0.930272 -0.075045
vn 0.092613 0.982488 -0.161682
vn -0.214697 0.951251 -0.221419
vn -0.676120 0.666235 -0.314631
vn -0.904072 -0.177600 0.388732
vn -0.753211 -0.368003 0.545204
vn -0.569057 -0.414403 0.710242
vn -0.307334 -0.453807 0.836424
vn -0.024614 -0.428082 0.903404
vn 0.259514 -0.411464 0.873699
vn 0.450033 -0.213833 0.867032
vn 0.619477 -0.007447 0.784980
vn 0.734245 0.214514 0.644103
vn 0.754539 0.431348 0.494580
vn 0.662314 0.663127 0.348716
vn 0.466214 0.840367 0.276456
vn -0.483502 0.862790 -0.147716
vn -0.693486 0.707573 -0.135713
vn -0.805149 0.571342 0.159070
vn -0.892176 0.364317 0.267012
vn -0.901611 0.170224 0.397645
vn -0.834258 -0.020243 0.551003
vn -0.737073 -0.223758 0.637695
vn 0.158445 -0.252605 0.954508
vn 0.302556 -0.046430 0.952000
vn 0.464044 0.139378 0.874778
vn 0.562677 0.325309 0.759979
vn 0.573060 0.525508 0.628843
vn 0.557179 0.695289 0.454009
vn 0.200297 0.956796 0.210766
vn -0.022540 0.990158 0.138125
vn -0.245228 0.963396 0.108310
vn -0.676696 0.736043 0.017997
vn -0.690523 -0.093143 0.717288
vn -0.527988 -0.186789 0.828455
vn -0.333147 -0.229179 0.914598
vn -0.115963 -0.197628 0.973394
vn 0.058180 -0.100886 0.993195
vn 0.444449 0.702378 0.555996
vn 0.262838 0.829115 0.493441
vn -0.474021 0.859225 0.192450
vn -0.643864 0.745825 0.170835
vn -0.669374 0.606569 0.428967
vn -0.732714 0.460592 0.500984
vn -0.739185 0.319706 0.592785
vn -0.694565 0.198918 0.691383
vn -0.599080 0.101488 0.794231
vn -0.470081 0.031191 0.882072
vn -0.317362 -0.073962 0.945416
vn -0.176945 0.031635 0.983712
vn -0.006714 0.088585 0.996046
vn 0.127448 0.175905 0.976122
vn 0.239951 0.306906 0.920995
vn 0.305225 0.434647 0.847301
vn 0.299976 0.576847 0.759778
vn 0.301678 0.712032 0.634035
vn 0.032597 0.877370 0.478707
vn -0.122785 0.905234 0.406787
vn -0.276018 0.878626 0.389654
vn -0.599633 0.734573 0.317559
vn -0.337921 0.104796 0.935322
vn 0.167258 0.698796 0.695492
vn 0.094770 0.770087 0.630860
vn -0.418352 0.799245 0.431496
vn -0.514413 0.716397 0.471333
vn -0.540204 0.591765 0.598326
vn -0.553252 0.508674 0.659668
vn -0.577403 0.411875 0.704957
vn -0.548591 0.330515 0.767990
vn -0.485399 0.271821 0.830964
vn -0.412042 0.259546 0.873417
vn -0.304941 0.242143 0.921074
vn -0.207661 0.249193 0.945928
vn -0.104521 0.268699 0.957537
vn -0.019290 0.331293 0.943331
vn 0.037084 0.415019 0.909057
vn 0.039898 0.508967 0.859861
vn 0.065259 0.585799 0.807825
vn 0.032503 0.668072 0.743387
vn -0.023788 0.737972 0.674412
vn -0.095078 0.776946 0.622346
vn -0.195471 0.783881 0.589339
vn -0.269972 0.764484 0.585388
vn -0.381476 0.720006 0.579714
vn -0.479941 0.662582 0.575015
vn -0.390800 0.601005 0.697186
vn -0.423030 0.450108 0.786415
vn -0.346983 0.391013 0.852474
vn -0.277533 0.386688 0.879459
vn -0.152911 0.437920 0.885914
vn -0.138021 0.633337 0.761469
vn -0.276880 0.663890 0.694686
vn 0.264982 -0.530329 -0.805317
vn -0.277074 0.526151 0.803987
vn -0.026168 -0.392211 -0.919503
vn 0.171653 -0.428685 -0.886997
vn -0.038732 -0.489090 -0.871373
vn 0.120677 -0.610528 -0.782747
vn -0.075447 -0.570696 -0.817688
vn -0.059623 -0.654634 -0.753591
vn -0.005841 -0.722687 -0.691151
vn 0.100491 -0.751254 -0.652319
vn 0.344273 -0.618819 -0.706073
vn 0.167883 -0.772345 -0.612617
vn 0.283860 -0.774055 -0.565917
vn 0.375256 -0.728342 -0.573325
vn 0.454343 -0.685525 -0.568884
vn 0.515850 -0.610715 -0.600771
vn 0.545912 -0.528901 -0.649802
vn 0.534730 -0.454630 -0.712303
vn 0.377275 -0.416246 -0.827286
vn 0.539007 -0.363933 -0.759621
vn 0.497045 -0.280814 -0.821030
vn 0.428148 -0.234468 -0.872762
vn 0.322995 -0.245178 -0.914091
vn 0.230560 -0.229438 -0.945621
vn 0.127981 -0.254943 -0.958449
vn 0.037441 -0.311889 -0.949380
vn -0.219187 -0.286867 -0.932558
vn -0.280505 -0.425875 -0.860202
vn -0.292414 -0.567328 -0.769827
vn -0.253747 -0.697379 -0.670279
vn -0.173173 -0.812450 -0.556719
vn -0.045839 -0.869376 -0.492020
vn 0.185659 -0.856713 -0.481221
vn 0.361142 -0.814251 -0.454502
vn 0.533343 -0.715478 -0.451261
vn 0.622055 -0.612770 -0.487402
vn 0.683486 -0.478013 -0.551680
vn 0.659340 -0.369230 -0.654935
vn 0.641302 -0.263398 -0.720662
vn 0.614932 -0.111152 -0.780707
vn 0.484329 -0.013406 -0.874783
vn 0.354347 0.009796 -0.935063
vn 0.180961 -0.011553 -0.983423
vn 0.023420 -0.069046 -0.997339
vn -0.114462 -0.163912 -0.979812
vn 0.113220 -0.919931 -0.375378
vn 0.255920 -0.911637 -0.321594
vn 0.455175 -0.856335 -0.243937
vn 0.602368 -0.764993 -0.227902
vn 0.773433 -0.560619 -0.295817
vn 0.805860 -0.353235 -0.475199
vn 0.756572 -0.161498 -0.633654
vn -0.460045 -0.117532 -0.880082
vn -0.545431 -0.315058 -0.776687
vn -0.560597 -0.515578 -0.648005
vn -0.515176 -0.706144 -0.485752
vn -0.395717 -0.846098 -0.357109
vn -0.146486 -0.932766 -0.329376
vn 0.040378 -0.977217 -0.208368
vn 0.279811 -0.951171 -0.130309
vn 0.443152 -0.893064 0.077802
vn 0.895640 -0.163089 -0.413801
vn 0.797415 -0.032793 -0.602540
vn 0.694373 0.096365 -0.713134
vn 0.561998 0.268778 -0.782251
vn 0.341864 0.290091 -0.893855
vn 0.091842 0.283912 -0.954442
vn -0.112190 0.204622 -0.972391
vn -0.312798 0.057663 -0.948068
vn -0.244663 -0.955772 -0.163216
vn -0.020669 -0.999476 0.024915
vn 0.254388 -0.967097 -0.003136
vn 0.680618 -0.729783 0.064622
vn 0.854646 -0.517258 -0.045001
vn 0.933672 -0.331509 -0.135495
vn 0.886378 0.138124 -0.441878
vn 0.740150 0.235023 -0.630034
vn -0.679545 0.083149 -0.728907
vn -0.782673 -0.158675 -0.601868
vn -0.789704 -0.404587 -0.461170
vn -0.717386 -0.640120 -0.274960
vn -0.507460 -0.841631 -0.184775
vn -0.383712 -0.919645 0.083772
vn 0.138308 -0.974023 0.179304
vn 0.990854 0.028468 -0.131901
vn 0.754862 0.423495 -0.500834
vn 0.527661 0.455489 -0.717010
vn 0.295175 0.508520 -0.808875
vn 0.034060 0.571814 -0.819676
vn -0.245382 0.443702 -0.861926
vn -0.501760 0.283234 -0.817322
vn -0.631197 -0.774200 -0.046963
vn -0.206540 -0.860933 0.464904
vn 0.195728 -0.907311 0.372125
vn 0.482819 -0.821136 0.304339
vn 0.675055 -0.635831 0.374191
vn 0.865309 -0.414047 0.282499
vn 0.975185 -0.131693 0.177962
vn 0.893254 0.435679 -0.110819
vn 0.556669 0.589624 -0.585204
vn 0.292305 0.666759 -0.685558
vn -0.833925 0.306625 -0.458857
vn -0.938157 0.012787 -0.345974
vn -0.893713 -0.332241 -0.301483
vn -0.832150 -0.545040 -0.102265
vn -0.710657 -0.688273 0.145763
vn -0.544990 -0.709212 0.447219
vn 0.380561 -0.788261 0.483546
vn 0.930432 0.262498 0.255717
vn 0.709116 0.638000 -0.300183
vn 0.506600 0.702323 -0.500098
vn 0.216417 0.835689 -0.504766
vn -0.079398 0.705642 -0.704106
vn -0.347640 0.609268 -0.712699
vn -0.624577 0.471488 -0.622578
vn -0.971381 -0.211065 -0.108949
vn -0.882285 -0.470256 0.020791
vn 0.080595 -0.730658 0.677970
vn 0.424077 -0.686373 0.590805
vn 0.624306 -0.483030 0.613941
vn 0.807461 -0.255194 0.531867
vn 0.862998 0.034680 0.504015
vn 0.493372 0.824697 -0.276511
vn -0.124472 0.852127 -0.508317
vn -0.433842 0.758856 -0.485715
vn -0.915540 -0.378914 0.134947
vn -0.790593 -0.485918 0.372622
vn 0.311457 -0.565077 0.763991
vn 0.684845 0.725838 -0.064387
vn -0.675584 0.599371 -0.429350
vn -0.867728 0.473562 -0.150951
vn -0.975510 0.218905 -0.021463
vn -0.988229 -0.027299 0.150526
vn -0.921087 -0.282335 0.268117
vn 0.533789 -0.344659 0.772192
vn 0.695529 -0.127984 0.707008
vn 0.780833 0.593467 0.195188
vn 0.589863 0.806267 0.044660
vn 0.359112 0.930272 -0.075044
vn 0.092612 0.982488 -0.161681
vn -0.214698 0.951251 -0.221418
vn -0.676120 0.666234 -0.314631
vn -0.904072 -0.177600 0.388732
vn -0.753211 -0.368002 0.545204
vn -0.555195 -0.430187 0.711827
vn -0.314225 -0.485135 0.816031
vn -0.027440 -0.437491 0.898804
vn 0.259514 -0.411464 0.873699
vn 0.450033 -0.213834 0.867033
vn 0.626152 -0.005301 0.779683
vn 0.740192 0.203227 0.640948
vn 0.754539 0.431348 0.494580
vn 0.662314 0.663127 0.348716
vn 0.466214 0.840367 0.276456
vn -0.483502 0.862790 -0.147715
vn -0.693486 0.707573 -0.135713
vn -0.805149 0.571343 0.159070
vn -0.892176 0.364317 0.267011
vn -0.901611 0.170224 0.397645
vn -0.834257 -0.020243 0.551004
vn -0.737073 -0.223757 0.637695
vn 0.158445 -0.252605 0.954508
vn 0.302556 -0.046430 0.952000
vn 0.464044 0.139378 0.874778
vn 0.562677 0.325309 0.759979
vn 0.573060 0.525508 0.628843
vn 0.557179 0.695290 0.454009
vn 0.200296 0.956796 0.210766
vn -0.022540 0.990158 0.138126
vn -0.245228 0.963396 0.108310
vn -0.676696 0.736043 0.017998
vn -0.690522 -0.093142 0.717289
vn -0.527989 -0.186789 0.828455
vn -0.333147 -0.229179 0.914599
vn -0.115963 -0.197628 0.973394
vn 0.058180 -0.100886 0.993195
vn 0.444449 0.702378 0.555996
vn 0.262838 0.829115 0.493441
vn -0.474021 0.859225 0.192451
vn -0.643864 0.745825 0.170836
vn -0.669374 0.606569 0.428967
vn -0.732714 0.460592 0.500984
vn -0.739185 0.319706 0.592785
vn -0.694564 0.198919 0.691384
vn -0.599080 0.101489 0.794231
vn -0.470082 0.031191 0.882072
vn -0.317362 -0.073962 0.945416
vn -0.176945 0.031635 0.983712
vn -0.006714 0.088585 0.996046
vn 0.127448 0.175905 0.976122
vn 0.239951 0.306906 0.920995
vn 0.305225 0.434647 0.847301
vn 0.299976 0.576847 0.759778
vn 0.301678 0.712032 0.634035
vn 0.032597 0.877369 0.478707
vn -0.122785 0.905234 0.406787
vn -0.276017 0.878626 0.389654
vn -0.599633 0.734573 0.317559
vn -0.337921 0.104796 0.935322
vn 0.167258 0.698796 0.695492
vn 0.094770 0.770087 0.630860
vn -0.418352 0.799245 0.431496
vn -0.514413 0.716397 0.471332
vn -0.542364 0.590922 0.597205
vn -0.580374 0.500839 0.642126
vn -0.580584 0.411171 0.702753
vn -0.543635 0.335412 0.769389
vn -0.478075 0.282024 0.831809
vn -0.417196 0.267251 0.868634
vn -0.304941 0.242143 0.921074
vn -0.209685 0.246496 0.946188
vn -0.104324 0.267569 0.957874
vn -0.021904 0.333373 0.942541
vn 0.011748 0.430727 0.902406
vn 0.065242 0.505966 0.860083
vn 0.072132 0.585893 0.807172
vn 0.035776 0.668750 0.742626
vn -0.024111 0.737529 0.674885
vn -0.096786 0.775060 0.624432
vn -0.196572 0.781523 0.592099
vn -0.266983 0.764279 0.587024
vn -0.385892 0.710969 0.587887
vn -0.474454 0.658221 0.584499
vn -0.417975 0.515343 0.748144
vn -0.356711 0.394473 0.846846
vn -0.281535 0.385074 0.878895
vn -0.171729 0.421886 0.890237
vn -0.131081 0.616039 0.776733
vn -0.284313 0.657254 0.697985
vn 0.260463 -0.529395 -0.807403
vn -0.270448 0.519856 0.810313