v 0.940435 -0.027772 0.772288
v 1.074892 0.062261 0.800187
v 1.070062 -0.016126 0.602171
v 1.232368 0.150334 0.687641
v 1.061192 -0.027733 0.512061
v 0.912357 0.115318 0.592946
v 0.883888 -0.097198 0.572415
v 0.516726 0.083089 0.983155
v 0.932645 0.196103 1.046974
v 1.242491 0.341463 0.893534
v 1.290226 0.214690 0.299425
v 1.121097 0.103800 0.223102
v 0.901959 -0.012950 0.156991
v 0.710119 -0.124783 0.538371
v 0.414963 -0.049914 0.419976
v 0.990730 0.582702 1.147860
v 1.415261 0.560707 0.599288
v 0.188012 0.241138 0.817694
v 0.526200 0.483307 1.165240
v 0.753313 0.657611 1.190983
v 1.124097 0.988561 0.879730
v 1.152887 0.818533 0.035601
v 1.017393 0.432645 -0.088287
v 0.446518 0.197272 -0.036922
v 0.103622 0.361796 0.281444
v 0.280514 0.606879 1.037827
v 1.310575 0.916611 0.465697
v 0.784856 0.539094 -0.168013
v 0.048719 0.642028 0.636684
v 0.663952 1.076598 0.954950
v 1.036847 1.158250 0.528894
v 0.418931 0.706111 -0.092539
v 0.196950 0.932837 0.646778
v 0.837881 1.134424 0.173848
v 0.466673 1.136549 0.727302
v 0.710717 1.226944 0.514770
v 0.401512 0.929673 0.063564
v 0.184284 0.847916 0.265299
v 0.275901 1.022352 0.373329
v 0.301769 1.064392 0.467395
v 0.452692 1.155871 0.532203
v 0.507318 1.170314 0.414469
v 0.534515 1.149644 0.304190
v 0.388831 1.040975 0.210211
v 0.295149 1.017219 0.312128
v 0.383095 1.120599 0.463846
v 0.456230 1.113380 0.278450
v 0.372193 1.076536 0.308952
v -0.126895 0.032154 -0.318032
v -0.197062 0.169467 -0.256575
v -0.148656 0.063510 -0.150780
v -0.059364 0.122980 -0.073356
v 0.034836 0.162868 -0.137450
v 0.091833 0.173464 -0.233528
v 0.029270 0.108181 -0.362998
v -0.601824 0.051693 -0.200553
v -0.385459 0.125023 0.019815
v -0.108137 0.333910 0.164954
v 0.234175 0.439833 -0.074972
v 0.230308 0.329268 -0.538579
v -0.229307 0.048123 -0.631435
v -0.448338 0.007313 -0.392704
v -0.403546 0.400535 0.254284
v 0.170537 0.633755 0.085403
v 0.336802 0.807983 -0.415708
v -0.113993 0.251392 -0.866492
v -0.899677 0.432212 -0.586463
v -0.914370 0.285892 -0.362346
v -0.804681 0.386053 0.035234
v -0.078349 1.005239 0.174581
v 0.218631 1.051415 -0.261290
v 0.161130 0.683127 -0.850462
v -0.176954 0.579671 -1.042151
v -0.407306 0.344415 -0.976602
v -0.650459 0.208763 -0.787080
v -0.745198 0.825529 0.183689
v -0.597028 0.531422 -1.003995
v -1.013470 0.707793 -0.360840
v -0.461990 1.212652 0.014324
v 0.009566 1.130180 -0.740448
v -0.207745 0.930088 -0.995737
v -0.852739 0.651830 -0.826705
v -0.928907 0.968083 -0.282204
v -0.700024 1.153297 -0.130114
v -0.230163 1.343007 -0.320144
v -0.504522 1.196022 -0.786485
v -0.537644 1.001027 -0.911448
v -0.722168 1.017321 -0.817057
v -0.431869 1.305065 -0.582651
v -0.910677 0.961940 -0.552296
v -0.750604 1.185773 -0.407854
v -0.705988 1.219218 -0.375710
v -0.608608 1.270759 -0.360201
v -0.541364 1.288825 -0.477397
v -0.808101 1.103139 -0.545613
v -0.638173 1.239495 -0.504146
v -0.641954 1.102346 -0.524815
v -0.047257 0.065302 -0.302512
v -0.422507 -1.152853 -0.606469
v -0.497064 -1.055066 -0.550487
v -0.448756 -1.125474 -0.444804
v -0.335797 -1.052250 -0.393523
v -0.233472 -1.001409 -0.432897
v -0.194914 -1.012062 -0.507493
v -0.307657 -1.108548 -0.666544
v -0.782428 -1.159428 -0.485209
v -0.663311 -1.037344 -0.218759
v -0.347448 -0.843315 -0.132198
v -0.070583 -0.736765 -0.351830
v -0.118183 -0.911136 -0.906803
v -0.410312 -1.066678 -0.966620
v -0.798399 -1.163881 -0.879431
v -0.646604 -1.194778 -0.642416
v -0.940672 -1.119815 -0.760356
v -0.913683 -0.981522 -0.251886
v -0.622657 -0.756545 -0.018348
v -0.164345 -0.491826 -0.195289
v -0.010449 -0.666026 -0.928665
v -1.164807 -0.909519 -0.496617
v -1.120287 -0.615494 -0.207061
v -0.596260 -0.426014 0.028398
v -0.048925 -0.258188 -0.444955
v -0.002401 -0.267462 -0.729541
v -0.363658 -0.682021 -1.265654
v -0.835319 -0.834293 -1.254363
v -0.382108 -0.079385 -0.264127
v -0.344765 -0.352056 -1.263601
v -1.187156 -0.744285 -0.983451
v -1.317011 -0.473436 -0.647714
v -0.945048 -0.169987 -0.164221
v -0.696715 -0.030079 -0.206276
v -0.213007 0.001558 -0.897540
v -0.836148 -0.385985 -1.309692
v -1.195202 -0.255650 -0.397428
v -0.738970 -0.081971 -1.188218
v -1.096365 -0.326057 -1.121774
v -1.206299 -0.223071 -0.840736
v -1.128184 -0.074489 -0.501219
v -0.782978 0.121435 -0.514259
v -0.591842 0.122466 -0.880573
v -1.066447 -0.026310 -0.770419
v -1.000037 0.034033 -0.682041
v -0.921848 0.086777 -0.686108
v -0.836769 0.095664 -0.834894
v -0.825057 0.063903 -0.923048
v -0.960652 -0.129198 -0.859963
v -0.905970 0.052816 -0.858975
v -1.026655 -0.015626 -0.856748
v -0.279658 -1.082551 -0.580010
v 0.274946 -1.731909 0.310460
v 0.296676 -1.744933 0.437654
v 0.358242 -1.683030 0.487080
v 0.472628 -1.632669 0.406015
v 0.472643 -1.667420 0.300316
v 0.519457 -1.617757 0.210807
v 0.265855 -1.801001 0.205881
v 0.094492 -1.788625 0.459976
v 0.417426 -1.693248 0.015935
v 0.116116 -1.636356 0.683515
v 0.407632 -1.439478 0.685514
v 0.645570 -1.040629 0.512317
v 0.646941 -1.392975 0.313128
v 0.434670 -1.580945 -0.173051
v 0.143293 -1.734416 -0.181869
v -0.094672 -1.787829 -0.117531
v -0.080717 -1.832089 0.189388
v -0.283054 -1.668427 0.576003
v 0.036738 -1.309198 0.864561
v 0.643759 -0.956062 -0.120024
v -0.532181 -1.407198 -0.004413
v -0.546066 -1.563158 0.298361
v -0.379380 -1.265881 0.750994
v 0.195796 -1.038096 0.850798
v 0.411993 -0.913908 0.707758
v 0.557200 -0.797837 0.181328
v 0.360811 -1.103323 -0.408980
v 0.097465 -1.314724 -0.464613
v -0.189721 -0.829090 0.773150
v -0.373253 -1.391911 -0.324087
v -0.653689 -1.150332 0.169867
v -0.580761 -1.043053 0.467956
v -0.148891 -0.591841 0.541831
v 0.240221 -0.585361 0.454162
v -0.500607 -0.802972 0.335563
v 0.162487 -0.526113 0.124137
v 0.058647 -0.612989 -0.184079
v -0.149629 -0.826881 -0.360927
v -0.459075 -0.963944 -0.228484
v -0.543192 -0.877474 0.029751
v -0.401915 -0.677964 0.107547
v -0.329620 -0.616793 0.200258
v -0.166740 -0.548625 0.110650
v -0.141583 -0.579132 -0.032977
v -0.269213 -0.650005 -0.093100
v -0.375341 -0.719688 0.002527
v -0.257321 -0.576517 0.143548
v -0.295106 -0.635596 -0.011004
v 0.332514 -1.764135 0.295995
v 0.615496 -0.910823 0.852110
v 0.605041 -0.898327 0.922607
v 0.680565 -0.845016 1.009575
v 0.767284 -0.785171 1.053823
v 0.805868 -0.798860 0.931320
v 0.872620 -0.758211 0.841818
v 0.796135 -0.834803 0.809721
v 0.714595 -0.894167 0.737070
v 0.689359 -0.889615 0.829610
v 0.321838 -0.866658 1.060217
v 0.560661 -0.574979 1.326016
v 0.821811 -0.539697 1.221855
v 1.046610 -0.516416 0.903679
v 0.975475 -0.614457 0.569232
v 0.608433 -0.895575 0.516838
v 0.321268 -0.931067 0.738003
v 0.250191 -0.646674 1.291481
v 1.026732 -0.291751 1.093531
v 0.758938 -0.649447 0.275915
v -0.130486 -0.506021 0.544096
v -0.068986 -0.718765 0.855945
v -0.022434 -0.491584 1.221496
v 0.179696 -0.251951 1.392851
v 0.480534 -0.140006 1.404967
v 0.813688 -0.012731 1.256267
v 1.067680 -0.036717 0.770017
v 1.042799 -0.138443 0.470428
v 0.838462 -0.190554 0.208034
v 0.236089 -0.414795 0.080406
v 0.223871 -0.811245 0.390042
v 0.919272 0.163400 0.924034
v 0.585097 -0.292328 0.085418
v -0.088187 -0.507475 0.361800
v -0.255978 -0.211486 0.822094
v 0.049668 0.046087 1.229695
v 0.456895 0.262885 1.171785
v 0.593815 0.404413 0.753306
v 0.771394 0.301375 0.668075
v 0.658792 0.181510 0.281493
v 0.139525 0.064797 0.272087
v -0.092214 -0.072296 0.398791
v -0.141563 0.023762 0.578229
v 0.162517 0.295788 0.948251
v 0.314360 0.219242 0.308267
v -0.012983 0.207989 0.617174
v 0.013748 0.243625 0.745806
v 0.164259 0.332345 0.734049
v 0.249029 0.338945 0.565107
v 0.161827 0.260794 0.464716
v 0.164264 0.029849 0.593925
v 0.144520 0.311112 0.630444
v 0.057344 0.235223 0.536494
v 0.029477 -0.368285 1.402076
v 0.040421 -0.351937 1.519681
v 0.101012 -0.299585 1.566848
v 0.177815 -0.264761 1.562571
v 0.202751 -0.214597 1.618246
v 0.249626 -0.238666 1.507872
v 0.355865 -0.180417 1.491805
v 0.287027 -0.239247 1.369624
v 0.201243 -0.299613 1.295244
v -0.281217 -0.369378 1.430934
v -0.243043 -0.297969 1.650983
v 0.010567 -0.129979 1.852140
v 0.229677 0.015269 1.810941
v 0.491415 0.027713 1.400245
v 0.406267 -0.029677 1.083033
v 0.195792 -0.243046 1.045539
v -0.003408 -0.343265 1.083996
v -0.154068 -0.401577 1.339505
v -0.327022 -0.095559 1.874166
v 0.452433 0.268324 1.660169
v 0.524215 0.208461 1.214318
v 0.177354 -0.074061 0.816043
v -0.275088 -0.362293 1.165290
v -0.702752 0.040405 1.107022
v -0.562264 -0.251064 1.379725
v -0.672015 -0.089278 1.546744
v -0.023832 0.335336 1.987314
v 0.041690 0.582382 1.884369
v 0.423803 0.616017 1.355580
v 0.449319 0.399088 0.988807
v -0.209333 -0.045376 0.717586
v -0.839292 0.186393 1.335773
v -0.588253 0.246137 1.850729
v 0.129607 0.386901 0.711709
v -0.233073 0.297209 0.627617
v -0.584813 0.023461 0.841957
v -0.502131 0.647772 1.765731
v 0.069650 0.862243 1.565598
v 0.157525 0.778771 0.972404
v -0.721768 0.586213 1.435334
v -0.186267 0.848386 1.663876
v -0.003688 0.944377 1.297668
v -0.115927 0.827591 0.924296
v -0.265024 0.687336 0.809547
v -0.616942 0.493710 0.861254
v -0.713763 0.570129 1.141186
v -0.525443 0.798124 1.419851
v -0.331636 0.887988 1.523362
v -0.604519 0.712404 1.117751
v -0.565613 0.773045 1.203387
v -0.553680 0.793966 1.285631
v -0.432942 0.869514 1.301370
v -0.344440 0.897018 1.216088
v -0.353536 0.850841 1.072343
v -0.492805 0.751851 1.020445
v -0.432701 0.829574 1.101392
v 0.155853 -0.324257 1.386261
v 0.707748 -1.419781 -0.670974
v 0.777893 -1.382393 -0.594637
v 0.729486 -1.369712 -0.475541
v 0.806193 -1.319370 -0.469182
v 0.899084 -1.296554 -0.526538
v 0.954149 -1.241433 -0.516808
v 0.959552 -1.289141 -0.628474
v 0.984520 -1.295883 -0.732971
v 0.446096 -1.360159 -0.460021
v 0.660369 -1.210714 -0.261452
v 0.991137 -1.008071 -0.312214
v 1.165519 -1.015443 -0.640804
v 1.105304 -1.117592 -0.920930
v 0.856824 -1.285762 -1.051932
v 0.571077 -1.404080 -1.015506
v 0.443615 -1.427291 -0.773834
v 0.395876 -1.092421 -0.177604
v 0.659580 -0.954436 -0.114589
v 1.182616 -0.763644 -0.510186
v 1.064586 -0.994603 -1.142002
v -0.007790 -1.002397 -0.967614
v 0.048591 -1.197889 -0.722779
v -0.034128 -0.942151 -0.526534
v 0.810920 -0.588938 -0.142920
v 1.053740 -0.436125 -0.423590
v 1.188397 -0.532637 -0.740453
v 1.209684 -0.740825 -0.894796
v 1.095607 -0.545192 -1.145895
v 0.751995 -0.733430 -1.377472
v 0.510344 -1.067330 -1.406867
v 0.063516 -1.066812 -1.173827
v 0.104210 -0.769298 -0.244859
v 0.399521 -0.701814 -0.097052
v -0.129824 -0.641058 -0.811742
v 0.259435 -0.427777 -0.245416
v 0.588611 -0.230670 -0.341987
v 0.888487 -0.202446 -0.960267
v 0.729768 -0.405835 -1.298413
v 0.442112 -0.594347 -1.401590
v 0.084005 -0.343353 -0.495176
v 0.726263 -0.130892 -0.636106
v 0.501385 -0.312658 -1.261722
v 0.157263 -0.479237 -1.203333
v -0.018801 -0.472672 -0.933451
v 0.426820 -0.129234 -0.602099
v 0.582494 -0.115618 -0.866746
v 0.312967 -0.236341 -1.121297
v 0.117897 -0.303219 -0.947280
v 0.114850 -0.275245 -0.844845
v 0.262338 -0.174250 -0.763801
v 0.343626 -0.141660 -0.814009
v 0.393811 -0.151424 -0.931999
v 0.212051 -0.265515 -1.043154
v 0.158264 -0.296075 -1.006902
v 0.189052 -0.215293 -0.818663
v 0.300697 -0.184056 -0.944171
v 0.872678 -1.342805 -0.609721