vn -0.611401 -0.791275 -0.008538
vn -0.734426 0.661816 -0.150393
vn -0.725038 0.643666 0.244979
vn -0.912271 -0.403198 0.072068
vn 0.477815 0.319551 0.818278
vn -0.158674 -0.943604 0.290576
vn 0.865744 0.096832 0.491030
vn 0.666409 0.486678 0.564839
vn 0.783949 -0.465325 0.410970
vn 0.909292 -0.130067 0.395311
vn 0.927588 -0.255028 0.273022
vn 0.656612 -0.747407 0.101207
vn 0.871992 0.473523 0.124120
vn 0.570410 -0.718856 -0.397339
vn 0.979829 0.176794 -0.093160
vn 0.103313 -0.558108 -0.823312
vn 0.159362 -0.498367 -0.852193
vn -0.367117 -0.443730 -0.817514
vn -0.745641 -0.021268 -0.666009
vn -0.844200 0.248913 -0.474730
vn -0.428037 -0.887120 -0.172635
vn -0.917473 -0.013488 -0.397571
vn -0.938873 -0.150082 -0.309826
vn 0.337937 0.941166 -0.002237
vn 0.525488 0.508722 -0.681957
vn 0.212081 0.961070 -0.177107
vn -0.618349 0.665115 -0.418649
vn -0.557724 0.819495 -0.131805
vn -0.913185 0.183602 -0.363846
vn -0.738461 0.597120 0.313246
vn -0.517719 0.853889 0.053292
vn -0.021760 0.794663 0.606661
vn 0.598131 0.532496 0.598906
vn 0.563910 0.803325 0.191506
vn 0.898569 0.400612 0.179120
vn 0.880551 0.431419 -0.196236
vn -0.212466 -0.624949 -0.751197
vn 0.248440 -0.058945 0.966852
vn 0.923296 0.072969 0.377095
vn 0.995187 0.046400 0.086316
vn -0.702930 -0.521449 -0.483715
vn -0.891934 -0.399040 -0.212653
vn -0.973061 -0.228663 -0.029429
vn 0.670440 -0.484337 0.562075
vn 0.225854 -0.951673 -0.208105
vn 0.745352 -0.358450 -0.562107
vn 0.606854 0.742642 0.283215
vn 0.000000 0.000000 0.000000
vn -0.632801 -0.744570 -0.212551
vn -0.597259 -0.789341 0.142204
vn 0.811188 -0.424226 0.402500
vn 0.662998 -0.714704 0.222783
vn -0.030041 -0.999412 0.016500
vn 0.993499 0.013000 -0.113100
vn -0.251474 -0.588692 -0.768246
vn -0.803007 -0.411307 -0.431284
vn -0.335171 0.843272 -0.420182
vn -0.878901 0.476709 0.016780
vn -0.943857 0.076369 0.321407
vn -0.350906 0.849429 -0.394127
vn -0.508425 0.727312 0.461001
vn 0.616010 0.781856 -0.096088
vn -0.044366 0.282976 -0.958100
vn 0.970879 0.230442 -0.065507
vn -0.156086 0.846274 -0.509369
vn -0.950136 -0.019563 -0.311223
vn -0.004341 0.858068 -0.513518
vn 0.736624 0.513818 -0.439746
vn -0.285155 0.849311 -0.444250
vn 0.790325 -0.100932 -0.604317
vn -0.718446 0.671951 -0.179768
vn -0.235561 0.893489 -0.382346
vn -0.693514 -0.039318 -0.719370
vn 0.109564 0.992398 -0.056060
vn -0.902067 0.325968 -0.282878
vn 0.272437 0.876309 -0.397318
vn 0.287084 0.841285 -0.458063
vn 0.924812 0.317794 -0.209114
vn 0.376854 0.782136 -0.496229
vn 0.422581 0.478720 -0.769580
vn -0.662495 -0.249615 -0.706253
vn -0.890070 0.419488 -0.178343
vn 0.768762 0.320962 0.553162
vn 0.948476 -0.086033 -0.304946
vn 0.987215 -0.131963 -0.089402
vn 0.805908 -0.547865 -0.224403
vn 0.480581 -0.721605 -0.498325
vn -0.972569 -0.218232 0.080526
vn -0.967985 -0.056049 0.244671
vn -0.903672 0.315322 0.289741
vn -0.659478 0.311057 0.684348
vn 0.949701 -0.078710 0.303104
vn 0.491040 -0.783820 0.380139
vn -0.200872 -0.979605 -0.004878
vn -0.242936 -0.896218 0.371180
vn -0.085304 -0.853535 0.514005
vn -0.457612 -0.692494 0.557712
vn -0.457010 -0.675911 0.578175
vn -0.320578 -0.801819 0.504297
vn 0.214402 -0.759425 0.614252
vn 0.542180 -0.608799 0.579142
vn -0.340125 -0.822532 0.455803
vn 0.538398 -0.729497 0.421855
vn 0.866087 -0.484980 0.121188
vn -0.953727 -0.157104 0.256364
vn -0.297984 0.948014 -0.111693
vn -0.184471 0.800730 -0.569914
vn -0.012310 0.459476 -0.888105
vn -0.095399 0.623910 0.775651
vn -0.708331 0.402324 -0.580002
vn -0.781975 0.107155 0.614031
vn 0.298105 0.790983 0.534303
vn -0.393677 -0.417261 0.819092
vn -0.421970 0.807717 0.411745
vn 0.336496 0.790327 -0.512010
vn -0.425550 0.782317 0.454849
vn -0.377142 0.087167 0.922044
vn -0.408901 0.834082 0.370280
vn -0.004405 -0.217659 0.976015
vn -0.160346 0.796278 -0.583293
vn -0.427643 0.825373 0.368621
vn 0.193454 0.372519 0.907637
vn 0.227725 0.956909 -0.180187
vn -0.780187 0.604126 0.162295
vn -0.496246 0.554666 0.667897
vn -0.554104 0.573295 0.603574
vn 0.117071 0.725573 -0.678114
vn -0.470367 0.033667 0.881828
vn -0.473029 0.594378 0.650353
vn 0.543970 0.016414 0.838944
vn -0.195573 0.892807 0.405766
vn -0.018420 0.864316 -0.502611
vn -0.462003 0.163827 -0.871616
vn 0.019707 -0.498935 0.866415
vn -0.099234 -0.604891 0.790101
vn 0.875223 0.213731 -0.433940
vn 0.384312 0.404673 -0.829786
vn 0.156848 0.418761 -0.894448
vn -0.037902 0.264150 -0.963737
vn -0.421783 -0.903841 0.071910
vn -0.249173 -0.836757 0.487596
vn 0.297914 -0.953365 0.048396
vn 0.440719 -0.866437 -0.234635
vn 0.497637 -0.863721 -0.079649
vn 0.628975 -0.735513 -0.251816
vn 0.580308 -0.373336 -0.723784
vn 0.386503 -0.442302 -0.809311
vn 0.486851 -0.322993 -0.811573
vn 0.525371 -0.761308 -0.379995
vn 0.192971 -0.795464 -0.574456
vn 0.281177 -0.940713 -0.189733
vn 0.290461 -0.940459 -0.176551
vn 0.054537 -0.810154 0.583675
vn 0.120977 0.555357 -0.822766
vn -0.723720 0.182439 -0.665542
vn -0.447877 -0.473247 -0.758580
vn -0.147018 -0.809897 -0.567849
vn -0.651678 -0.140790 -0.745314
vn -0.710949 -0.673280 -0.203089
vn -0.754047 0.580295 0.307687
vn -0.217166 0.616590 -0.756740
vn -0.232022 0.683505 0.692089
vn -0.705889 0.437143 -0.557339
vn 0.111052 -0.344949 -0.932029
vn -0.719934 0.535282 -0.441778
vn -0.418304 0.875777 0.240909
vn -0.720553 0.308210 -0.621136
vn 0.220310 0.932775 0.285296
vn -0.597442 -0.190906 -0.778857
vn -0.778676 0.298016 -0.552132
vn 0.491973 -0.170256 -0.853801
vn -0.906788 0.352924 -0.230609
vn 0.379592 -0.677314 -0.630203
vn -0.737617 0.674367 0.033909
vn -0.646488 0.762489 0.025754
vn -0.584553 0.145771 -0.798153
vn -0.658638 0.743056 -0.118590
vn -0.032517 0.952909 0.301507
vn 0.417531 0.098844 -0.903271
vn -0.347917 -0.338681 -0.874214
vn -0.044397 -0.169183 0.984584
vn 0.254758 0.738966 0.623721
vn 0.068329 0.695030 0.715727
vn 0.780549 0.560886 0.275954
vn 0.216786 -0.694142 -0.686419
vn 0.021721 -0.791547 -0.610722
vn -0.351635 -0.725927 -0.591086
vn -0.442028 -0.881977 -0.163486
vn 0.335623 0.108991 0.935670
vn 0.452225 0.127321 0.882769
vn 0.622609 -0.009425 0.782476
vn 0.488046 -0.313414 0.814606
vn 0.731810 0.122198 0.670464
vn 0.962470 -0.271106 -0.012359
vn 0.794856 -0.583082 0.167986
vn 0.717470 -0.589853 0.370554
vn 0.559341 -0.825327 0.077284
vn 0.538552 -0.838055 0.087325
vn 0.674700 -0.718034 0.170899
vn 0.476075 -0.476943 0.738836
vn 0.425136 0.357394 0.831582
vn -0.067741 -0.702956 -0.708000
vn -0.290751 -0.496817 -0.817702
vn -0.536320 -0.740701 -0.404628
vn -0.623489 -0.778106 0.076237
vn -0.418916 -0.548794 -0.723418
vn -0.922890 -0.306604 -0.232954
vn -0.007080 0.810682 -0.585444
vn 0.396598 -0.354935 -0.846600
vn 0.244851 0.894007 -0.375234
vn -0.041781 -0.157243 -0.986676
vn 0.293370 0.581374 -0.758906
vn -0.234223 -0.669209 -0.705194
vn 0.602069 0.733583 -0.315229
vn 0.004438 -0.037562 -0.999284
vn -0.714955 -0.617411 -0.328090
vn 0.908275 0.200161 -0.367386
vn 0.030550 -0.705630 -0.707922
vn -0.588876 0.358239 -0.724493
vn 0.117441 0.467568 -0.876121
vn 0.047601 0.344124 -0.937717
vn -0.375928 -0.902774 -0.208991
vn 0.259882 0.733494 -0.628051
vn 0.152909 0.349324 -0.924441
vn 0.653610 0.642870 -0.399390
vn 0.353276 -0.881772 0.312529
vn -0.445980 -0.864937 -0.230185
vn -0.970634 -0.182908 -0.156252
vn -0.207360 0.690983 -0.692492
vn 0.631399 0.772812 0.064013
vn 0.465907 0.881937 0.071540
vn 0.884698 0.261575 0.385861
vn -0.130803 -0.974530 0.182157
vn -0.363247 -0.919681 0.149124
vn -0.560082 -0.820680 0.113105
vn -0.319744 0.793414 0.517937
vn 0.123826 0.923053 0.364198
vn 0.247402 0.464023 0.850573
vn 0.467061 0.454799 0.758295
vn 0.366165 -0.328180 0.870759
vn 0.067125 -0.214226 0.974475
vn 0.162694 0.984882 -0.059482
vn 0.539489 0.827192 -0.157181
vn -0.122762 -0.129948 0.983892
vn -0.305866 -0.207727 0.929137
vn -0.316775 0.058150 0.946716
vn 0.072397 0.328965 0.941563
vn 0.088186 0.331391 0.939363
vn 0.383822 0.913811 -0.132776
vn -0.472538 -0.881267 -0.008699
vn 0.494364 0.867268 0.058742
vn 0.228397 0.889343 0.396111
vn 0.101082 0.626472 0.772862
vn 0.347558 0.905273 0.244302
vn 0.915877 -0.400530 0.027285
vn -0.039226 0.857823 -0.512447
vn 0.823240 -0.249271 -0.510040
vn 0.165844 0.978355 0.123764
vn 0.597726 0.796921 -0.087409
vn 0.755377 -0.057908 -0.652727
vn 0.633151 0.757185 -0.160598
vn 0.538875 -0.214697 -0.814566
vn 0.182762 0.906350 0.380956
vn 0.144491 -0.266073 -0.953062
vn 0.331305 0.932896 -0.141219
vn -0.524550 0.354167 -0.774218
vn -0.310325 0.843784 0.437866
vn 0.814122 0.538942 -0.216209
vn 0.754398 0.604593 -0.255641
vn 0.762806 -0.175218 -0.622436
vn 0.754561 0.551036 -0.356366
vn 0.545036 0.305130 -0.780917
vn 0.193731 0.979103 -0.061844
vn -0.215489 0.802737 0.556037
vn 0.046681 0.148168 0.987860
vn 0.839294 0.220662 0.496885
vn 0.853579 -0.520964 0.000242
vn 0.339660 -0.432859 -0.835024
vn 0.329356 -0.676335 -0.658860
vn -0.313241 -0.372137 -0.873724
vn -0.875656 0.453846 0.165077
vn -0.727876 0.381328 0.569900
vn -0.566624 0.334014 0.753240
vn -0.414870 0.202819 0.886988
vn 0.552674 -0.739953 -0.383433
vn -0.167141 -0.887369 -0.429698
vn -0.203928 -0.873748 0.441563
vn -0.282888 -0.867308 -0.409575
vn -0.786506 -0.597555 0.155999
vn -0.183592 -0.948840 0.256897
vn -0.573232 -0.810442 0.120788
vn 0.601602 -0.512223 -0.612946
vn 0.452088 -0.219634 -0.864510
vn -0.586723 -0.751173 0.302484
vn 0.044856 -0.998609 -0.027715
vn -0.604911 -0.769231 0.205831
vn -0.153066 -0.950491 -0.270440
vn -0.581657 -0.800722 0.143245
vn 0.603943 -0.294862 -0.740479
vn -0.682050 0.101912 0.724169