v 5.752691 5.818859 1.467343
v 3.692568 7.018517 2.509751
v -1.292127 7.321741 3.730417
v -3.718810 6.385619 3.819399
v -5.783562 4.833714 3.505888
v -7.276398 2.787110 2.911962
v -8.059061 0.476970 2.004369
v -8.052227 -1.881196 0.903443
v -7.256563 -4.056553 -0.283052
v -5.752689 -5.818857 -1.467343
v -3.679883 -7.045827 -2.451169
v -1.248977 -7.567132 -3.220562
v 1.304809 -7.349051 -3.671835
v 3.722814 -6.395260 -3.787731
v 5.793530 -4.850402 -3.478797
v 8.096697 1.832479 -0.791288
v 7.299087 4.013160 0.398111
v 5.772594 5.798849 1.527765
v 1.276796 7.532330 3.342809
v -5.778136 4.812468 3.568869
v -5.747224 -5.853471 -1.410603
v 3.740170 -6.430598 -3.733903
v 7.318964 -2.847250 -2.804720
v 8.103542 -0.531458 -1.894907
v 5.804989 5.795403 1.585956
v 3.741071 7.020384 2.630473
v -1.279022 7.325761 3.859807
v -3.722938 6.382991 3.949421
v -5.787757 4.805434 3.634484
v -7.305790 2.758927 3.035540
v -8.094011 0.432382 2.121502
v -8.087130 -1.942529 1.012758
v -7.285815 -4.133335 -0.182163
v -5.756734 -5.899302 -1.363100
v -3.683736 -7.143837 -2.365677
v -1.235566 -7.668844 -3.140533
v 1.336355 -7.449214 -3.595011
v 3.765171 -6.478528 -3.694851
v 5.856953 -4.932821 -3.400602
v 8.171848 1.814592 -0.729471
v 7.368280 4.011564 0.468813
v 5.846703 5.808858 1.636220
v 1.300999 7.557025 3.435510
v -5.811484 4.813301 3.696311
v -5.780286 -5.951865 -1.329485
v 3.795370 -6.534360 -3.674399
v 7.388306 -2.900098 -2.757946
v 8.178745 -0.567005 -1.841336
v 8.268155 1.820609 -0.707611
v 7.455752 4.041735 0.503847
v 5.917448 5.858787 1.684087
v 3.803821 7.093899 2.717579
v 1.321771 7.626172 3.503158
v -1.285744 7.403502 3.963927
v -3.763482 6.447685 4.054780
v -5.868903 4.852284 3.766827
v -7.395916 2.773468 3.128252
v -8.195045 0.414727 2.201565
v -8.188068 -1.993051 1.077476
v -7.375665 -4.214175 -0.133981
v -5.837361 -6.031227 -1.314220
v -3.723736 -7.266339 -2.347713
v -1.241687 -7.798612 -3.133291
v 1.365827 -7.575942 -3.594059
v 3.843564 -6.620126 -3.684913
v 5.948985 -5.024726 -3.396959
v 7.475998 -2.945911 -2.758385
v 8.275127 -0.587169 -1.831699
v 8.388737 1.857902 -0.739219
v 7.564041 4.112635 0.490570
v 6.002460 5.957181 1.688668
v 3.856852 7.210983 2.737799
v 1.337245 7.751309 3.535264
v -1.309724 7.525270 4.003004
v -3.824953 6.554991 4.095233
v -5.962232 4.935450 3.802922
v -7.512350 2.825179 3.154685
v -8.323572 0.430747 2.213977
v -8.316488 -2.013464 1.072879
v -7.491793 -4.268197 -0.156909
v -5.930212 -6.112741 -1.355007
v -3.784606 -7.366543 -2.404136
v -1.265000 -7.906869 -3.201602
v 1.381968 -7.680830 -3.669342
v 3.897196 -6.710552 -3.761571
v 6.034475 -5.091012 -3.469260
v 7.584593 -2.980742 -2.821024
v 8.395815 -0.586309 -1.880315
v 8.451209 1.900990 -0.802699
v 7.619160 4.175825 0.438053
v 6.043657 6.036817 1.646834
v 3.878920 7.301796 2.705317
v 1.336849 7.846940 3.509893
v -1.333719 7.618886 3.981803
v -3.871372 6.639956 4.074853
v -6.027706 5.005976 3.779937
v -7.591644 2.876891 3.125921
v -8.410098 0.461111 2.176825
v -8.402951 -2.004891 1.025554
v -7.570904 -4.279725 -0.215198
v -5.995401 -6.140716 -1.423977
v -3.830666 -7.405695 -2.482461
v -1.288597 -7.950839 -3.287036
v 1.381971 -7.722785 -3.758946
v 3.919623 -6.743855 -3.851997
v 6.075958 -5.109877 -3.557081
v 7.639897 -2.980792 -2.903064
v 8.458350 -0.565013 -1.953969
v 8.467808 1.947253 -0.888567
v 7.632365 4.231371 0.357249
v 6.053166 6.082648 1.599331
v 3.876864 7.370096 2.633764
v 1.324421 7.917464 3.441622
v -1.357044 7.688479 3.915458
v -3.905051 6.705555 4.008888
v -6.060213 5.048219 3.739859
v -7.640504 2.927136 3.056083
v -8.462297 0.501499 2.103115
v -8.455121 -1.974565 0.947147
v -7.619678 -4.258681 -0.298668
v -6.027796 -6.137270 -1.482169
v -3.864179 -7.397406 -2.575182
v -1.311737 -7.944774 -3.383040
v 1.369727 -7.715789 -3.856876
v 3.921739 -6.742509 -3.918639
v 6.082866 -5.092219 -3.654186
v 7.653185 -2.954448 -2.997502
v 8.474978 -0.528811 -2.044534
v 6.047701 6.117262 1.542591
v -6.080155 5.081597 3.685677
v -6.047698 -6.117260 -1.542591
v 3.913727 -6.723222 -3.981974
v 8.423342 1.995971 -1.000723
v 7.589846 4.274765 0.242189
v 6.027798 6.137273 1.482169
v 3.843096 7.406177 2.513399
v 1.296602 7.952269 3.319375
v -1.378614 7.723818 3.792106
v -3.920683 6.743185 3.885319
v -6.085580 5.102844 3.622696
v -7.647430 2.973570 2.934734
v -8.467308 0.553586 1.983987
v -8.460150 -1.916707 0.830713
v -7.626653 -4.195500 -0.412199
v -6.053164 -6.082645 -1.599331
v -3.879906 -7.326910 -2.683408
v -1.333413 -7.873003 -3.489383
v 1.341802 -7.644551 -3.962114
v 3.896371 -6.687884 -4.035801
v 6.043958 -5.027096 -3.759897
v 7.610618 -2.894307 -3.104743
v 8.430496 -0.474323 -2.153996
v 5.995404 6.140718 1.423978
v -6.075959 5.109878 3.557081
v -6.043654 -6.036814 -1.646833
v 3.871370 -6.639953 -4.074853
v 8.316492 2.013465 -1.072880
v 7.491796 4.268198 0.156908
v 5.930215 6.112744 1.355007
v 3.784607 7.366546 2.404137
v 1.265000 7.906872 3.201603
v -1.381969 7.680833 3.669343
v -3.897198 6.710554 3.761571
v -6.034477 5.091012 3.469260
v -7.584596 2.980742 2.821024
v -8.395817 0.586310 1.880315
v -8.388733 -1.857901 0.739218
v -7.564038 -4.112634 -0.490570
v -6.002458 -5.957179 -1.688668
v -3.856851 -7.210980 -2.737798
v -1.337245 -7.751307 -3.535264
v 1.309723 -7.525267 -4.003004
v 3.824951 -6.554989 -4.095232
v 5.962230 -4.935449 -3.802922
v 7.512348 -2.825178 -3.154685
v 8.323570 -0.430746 -2.213977
v 8.188070 1.993052 -1.077477
v 7.375669 4.214177 0.133980
v 5.837363 6.031229 1.314220
v 3.723737 7.266342 2.347713
v 1.241687 7.798615 3.133292
v -1.365829 7.575945 3.594060
v -3.843566 6.620128 3.684914
v -5.948988 5.024727 3.396960
v -7.476001 2.945911 2.758385
v -8.275129 0.587170 1.831698
v -8.268152 -1.820609 0.707610
v -7.455749 -4.041733 -0.503847
v -5.917445 -5.858784 -1.684087
v -3.803821 -7.093897 -2.717579
v -1.321771 -7.626169 -3.503158
v 1.285743 -7.403499 -3.963926
v 3.763479 -6.447683 -4.054780
v 5.868901 -4.852283 -3.766826
v 7.395914 -2.773468 -3.128252
v 8.195044 -0.414727 -2.201565
v 8.087132 1.942530 -1.012758
v 7.285819 4.133337 0.182163
v 5.780288 5.951867 1.329485
v 3.689645 7.173550 2.351739
v 1.235566 7.668847 3.140533
v -1.344577 7.479785 3.584533
v -3.795372 6.534362 3.674399
v -5.877899 4.956309 3.389577
v -7.388308 2.900098 2.757946
v -8.178747 0.567005 1.841336
v -8.171845 -1.814591 0.729470
v -7.368277 -4.011563 -0.468814
v -5.846701 -5.808856 -1.636219
v -3.756059 -7.030538 -2.658473
v -1.300999 -7.557022 -3.435510
v 1.278161 -7.336774 -3.891267
v 3.728955 -6.391351 -3.981133
v 5.811483 -4.813300 -3.696311
v 7.305789 -2.758927 -3.035540
v 8.094009 -0.432382 -2.121502
v 5.756736 5.899305 1.363100
v 3.676841 7.089013 2.401525
v -1.320051 7.392978 3.625179
v -3.752672 6.454565 3.714378
v -5.836010 4.909336 3.411628
v -7.318965 2.847251 2.804720
v -8.103544 0.531458 1.894907
v -8.096693 -1.832478 0.791287
v -7.299083 -4.013158 -0.398112
v -5.804987 -5.795401 -1.585956
v -3.713651 -7.009747 -2.571534
v -1.276796 -7.532327 -3.342809
v 1.283239 -7.313712 -3.795187
v 3.716918 -6.374627 -3.917707
v 5.782945 -4.808949 -3.601676
v 8.052231 1.881196 -0.903444
v 7.256567 4.056555 0.283052
v 5.747226 5.853474 1.410603
v 1.248976 7.567135 3.220562
v -5.803504 4.867093 3.451707
v -5.772592 -5.798847 -1.527765
v 3.714802 -6.375974 -3.851065
v 7.276396 -2.787109 -2.911962
v 8.059059 -0.476970 -2.004370
v 6.417292 1.607318 -0.210992
v 4.577445 4.085487 2.471800
v 2.938195 4.755440 3.544350
v -2.959076 3.968846 4.393374
v -4.602009 2.861107 3.793357
v -5.774084 -3.020494 -1.160245
v -4.577444 -4.085485 -2.471801
v -2.928102 -4.789864 -3.506140
v -0.993817 -5.007285 -4.212957
v 1.038243 -4.736244 -4.505511
v 2.962261 -3.983558 -4.371526
v 4.609941 -2.880114 -3.776633
v 5.799956 -1.476717 -2.826549
v 6.422726 0.069546 -1.597913
v 5.807919 2.960677 1.237679
v 4.593282 4.056189 2.513112
v 1.015952 4.952331 4.297863
v -1.021081 4.680626 4.591132
v -4.597692 2.830271 3.836327
v -5.794447 1.413122 2.908061
v -6.418740 -0.136925 1.676418
v -6.413290 -1.678459 0.286103
v -4.573095 -4.125038 -2.436693
v 2.976071 -4.022983 -4.338802
v 6.480592 1.558262 -0.145374
v 4.619058 4.040012 2.556584
v 2.976788 4.728741 3.636635
v -2.962361 3.936561 4.491689
v -4.605348 2.809636 3.884612
v -5.797360 -3.102413 -1.101368
v -4.580662 -4.170973 -2.411226
v -2.931167 -4.884348 -3.463923
v -0.983147 -5.103313 -4.175758
v 1.063344 -4.830347 -4.470390
v 2.995965 -4.068547 -4.320254
v 4.660406 -2.961037 -3.736337
v 5.858873 -1.547673 -2.779506
v 6.486064 0.009570 -1.542144
v 5.862977 2.942995 1.291101
v 4.652250 4.038542 2.597960
v 1.035211 4.949528 4.374146
v -1.017041 4.675793 4.669607
v -4.624228 2.801220 3.933486
v -5.826066 1.383879 2.973962
v -6.455024 -0.177748 1.733117
v -6.449532 -1.730799 0.332415
v -4.599402 -4.218795 -2.397893
v 3.019994 -4.115790 -4.317697
v 6.579012 1.550031 -0.114315
v 5.932579 2.957789 1.324784
v 4.708542 4.065380 2.646010
v 3.026719 4.764385 3.720034
v 1.051739 4.986381 4.441722
v -1.023073 4.709637 4.740431
v -2.994621 3.961242 4.586920
v -4.669916 2.814456 3.996218
v -5.884968 1.381533 3.026145
v -6.520839 -0.197262 1.771659
v -6.515286 -1.767385 0.355559
v -5.868854 -3.175143 -1.083539
v -4.644817 -4.282733 -2.404764
v -2.962996 -4.981738 -3.478788
v -0.988017 -5.203734 -4.200476
v 1.086795 -4.926990 -4.499185
v 3.058342 -4.178596 -4.345675
v 4.733637 -3.031811 -3.754972
v 5.948689 -1.598888 -2.784900
v 6.584560 -0.020094 -1.530414
v 6.674960 1.585767 -0.129677
v 6.018744 3.014826 1.331197
v 4.776187 4.139176 2.672415
v 3.068916 4.848758 3.762690
v 1.064052 5.074113 4.495298
v -1.042155 4.793181 4.798527
v -3.043535 4.033463 4.642694
v -4.744178 2.869324 4.043053
v -5.977615 1.414720 3.058301
v -6.623108 -0.187964 1.784834
v -6.617471 -1.781845 0.347307
v -5.961257 -3.210904 -1.113566
v -4.718700 -4.335254 -2.454784
v -3.011430 -5.044835 -3.545058
v -1.006567 -5.270190 -4.277666
v 1.099639 -4.989258 -4.580894
v 3.101018 -4.229541 -4.425062
v 4.801661 -3.065403 -3.825422
v 6.035099 -1.610799 -2.840671
v 6.680592 -0.008115 -1.567204
v 6.724668 1.633337 -0.167940
v 6.062603 3.075137 1.305958
v 4.808967 4.209511 2.659134
v 3.086475 4.925419 3.759130
v 1.063737 5.152783 4.498269
v -1.061247 4.869347 4.804201
v -3.080470 4.102855 4.646979
v -4.796277 2.928338 4.041992
v -6.040710 1.460765 3.048461
v -6.691958 -0.156208 1.763640
v -6.686271 -1.764299 0.313296
v -6.024207 -3.206099 -1.160601
v -4.770571 -4.340473 -2.513776
v -3.048080 -5.056380 -3.613771
v -1.025343 -5.283744 -4.352911
v 1.099641 -5.000308 -4.658842
v 3.118864 -4.233817 -4.501620
v 4.834669 -3.059300 -3.896634
v 6.079103 -1.591728 -2.903104
v 6.730350 0.025245 -1.618283
v 6.737877 1.688537 -0.222496
v 6.073111 3.136220 1.257416
v 4.816534 4.255447 2.633667
v 3.084840 4.994052 3.720597
v 1.053848 5.222343 4.462752
v -1.079807 4.937751 4.769933
v -3.107269 4.168132 4.612069
v -4.822142 2.969814 4.021338
v -6.079587 1.515261 3.007029
v -6.733492 -0.108309 1.716965
v -6.727782 -1.722962 0.260704
v -6.063016 -3.170645 -1.219207
v -4.796347 -4.324296 -2.557248
v -3.074747 -5.028476 -3.682387
v -1.043756 -5.256767 -4.424542
v 1.089898 -4.972175 -4.731722
v 3.120547 -4.217270 -4.552011
v 4.840166 -3.023247 -3.966404
v 6.089677 -1.549686 -2.968820
v 6.743582 0.073884 -1.678757
v 4.812185 4.294999 2.598559
v -4.838010 3.007830 3.987889
v -4.812184 -4.294997 -2.598559
v 3.114172 -4.187843 -4.595706
v 6.702495 1.751728 -0.296482
v 6.039278 3.196038 1.179981
v 4.796349 4.324298 2.557248
v 3.057971 5.049540 3.637422
v 1.031713 5.277300 4.377848
v -1.096971 4.993370 4.684312
v -3.119708 4.225545 4.526816
v -4.842328 3.038665 3.944918
v -6.085099 1.578856 2.925516
v -6.737480 -0.040930 1.638460
v -6.731783 -1.651821 0.185592
v -6.068566 -3.096129 -1.290870
v -4.816533 -4.255445 -2.633667
v -3.087261 -4.949631 -3.748310
v -1.061004 -5.177390 -4.488736
v 1.067678 -4.893461 -4.795199
v 3.100362 -4.148418 -4.628430
v 4.809207 -2.949075 -4.031665
v 6.055806 -1.478949 -3.036406
v 6.708187 0.140838 -1.749349
v 4.770572 4.340475 2.513776
v -4.834671 3.059301 3.896634
v -4.808966 -4.209509 -2.659134
v 3.080468 -4.102854 -4.646978
v 6.617474 1.781846 -0.347308
v 5.961259 3.210905 1.113566
v 4.718701 4.335256 2.454784
v 3.011430 5.044837 3.545059
v 1.006567 5.270192 4.277667
v -1.099640 4.989261 4.580895
v -3.101020 4.229542 4.425062
v -4.801664 3.065403 3.825421
v -6.035101 1.610799 2.840670
v -6.680594 0.008115 1.567203
v -6.674957 -1.585766 0.129675
v -6.018744 -3.014825 -1.331197
v -4.776186 -4.139174 -2.672415
v -3.068916 -4.848756 -3.762689
v -1.064053 -5.074111 -4.495297
v 1.042153 -4.793180 -4.798526
v 3.043532 -4.033462 -4.642693
v 4.744175 -2.869324 -4.043053
v 5.977612 -1.414720 -3.058302
v 6.623105 0.187964 -1.784835
v 6.515288 1.767386 -0.355560
v 5.868855 3.175144 1.083538
v 4.644819 4.282735 2.404764
v 2.962996 4.981740 3.478788
v 0.988016 5.203736 4.200476
v -1.086797 4.926991 4.499186
v -3.058345 4.178597 4.345675
v -4.733640 3.031811 3.754972
v -5.948691 1.598888 2.784899
v -6.584562 0.020094 1.530413
v -6.579010 -1.550030 0.114313
v -5.932577 -2.957788 -1.324785
v -4.708541 -4.065378 -2.646010
v -3.026719 -4.764383 -3.720034
v -1.051740 -4.986379 -4.441721
v 1.023072 -4.709635 -4.740430
v 2.994619 -3.961241 -4.586920
v 4.669913 -2.814455 -3.996218
v 5.884965 -1.381533 -3.026145
v 6.520836 0.197262 -1.771660
v 6.449533 1.730799 -0.332417
v 5.797361 3.102414 1.101368
v 4.599403 4.218797 2.397892
v 2.935869 4.910202 3.460237
v 0.983146 5.103315 4.175759
v -1.063346 4.830348 4.470391
v -3.019997 4.115791 4.317698
v -4.677075 2.981475 3.733418
v -5.858875 1.547674 2.779505
v -6.486066 -0.009570 1.542143
v -6.480590 -1.558262 0.145373
v -5.862976 -2.942993 -1.291102
v -4.652249 -4.038540 -2.597961
v -2.988715 -4.729944 -3.660305
v -1.035212 -4.949526 -4.374145
v 1.017039 -4.675791 -4.669606
v 2.967148 -3.935535 -4.517765
v 4.624225 -2.801220 -3.933486
v 5.826065 -1.383878 -2.973962
v 6.455021 0.177748 -1.733118
v 6.413291 1.678459 -0.286104
v 4.580663 4.170976 2.411226
v 2.925680 4.834285 3.478426
v -2.986021 4.045766 4.329529
v -4.643743 2.940599 3.739254
v -5.807917 -2.960676 -1.237680
v -4.619057 -4.040010 -2.556584
v -2.954971 -4.734376 -3.589315
v -1.015953 -4.952329 -4.297862
v 1.021079 -4.680624 -4.591131
v 2.957570 -3.937584 -4.465612
v 4.601518 -2.819953 -3.860470
v 5.794445 -1.413122 -2.908062
v 6.418738 0.136925 -1.676419
v 5.774086 3.020494 1.160244
v 4.573096 4.125040 2.436692
v 0.993816 5.007287 4.212958
v -1.038244 4.736245 4.505511
v -4.617877 2.899123 3.759908
v -5.799959 1.476718 2.826548
v -6.422728 -0.069546 1.597912
v -6.417290 -1.607317 0.210990
v -4.593281 -4.056187 -2.513112
v 2.955886 -3.954131 -4.415221
v 6.747130 7.035538 -0.200133
v 4.330884 8.722065 0.593683
v -1.515490 9.453695 1.874656
v -4.361661 8.425529 2.273713
v -6.783337 6.573962 2.414935
v -8.534232 4.074599 2.397479
v -9.452190 1.177736 2.110073
v -9.444175 -1.835006 1.619781
v -8.510969 -4.668718 0.974596
v -6.747127 -7.035535 0.200133
v 1.530365 -9.465830 -1.799825
v 4.366358 -8.426308 -2.234895
v 9.496332 1.815799 -1.477656
v 8.560843 4.656447 -0.830892
v 6.770474 7.032228 -0.125554
v 1.497509 9.567728 1.370004
v -6.776973 6.570074 2.492796
v -6.740717 -7.056502 0.275214
v -4.312437 -8.767100 -0.449046
v -1.454335 -9.602951 -1.152838
v 4.386714 -8.449020 -2.162869
v 6.825788 -6.611795 -2.313780
v 8.584156 -4.108266 -2.257256
v 9.504360 -1.204315 -1.969146
v 6.808468 7.046903 -0.058777
v 4.387771 8.762682 0.729340
v -1.500120 9.499509 2.019410
v -4.366504 8.464041 2.421301
v -6.788258 6.583067 2.569097
v -8.568705 4.082213 2.545946
v -9.493181 1.164779 2.256499
v -9.485109 -1.869358 1.762725
v -8.545278 -4.723194 1.112958
v -6.751871 -7.093076 0.343448
v 1.567364 -9.554373 -1.681165
v 4.416038 -8.490660 -2.103504
v 9.584476 1.815331 -1.402181
v 8.641997 4.677201 -0.750585
v 6.857392 7.078123 -0.006340
v 1.525896 9.625173 1.466753
v -6.816087 6.611669 2.636369
v -6.779494 -7.141676 0.398156
v -4.327454 -8.846631 -0.365886
v -1.448000 -9.688725 -1.074936
v 4.451457 -8.547150 -2.062609
v 6.893980 -6.675224 -2.244552
v 8.665485 -4.152991 -2.187605
v 9.592565 -1.227346 -1.897344
v 9.697430 1.829097 -1.379428
v 8.744591 4.722428 -0.720669
v 6.940367 7.149744 0.031758
v 4.461369 8.873442 0.804201
v 1.550259 9.724795 1.521046
v -1.508004 9.620466 2.112124
v -4.414056 8.570667 2.519577
v -6.883431 6.678163 2.703519
v -8.674411 4.128201 2.645947
v -9.611681 1.170392 2.352494
v -9.603498 -1.905734 1.851887
v -8.650659 -4.799064 1.193128
v -6.846436 -7.226378 0.440701
v -4.367440 -8.950077 -0.331741
v -1.456331 -9.801429 -1.048585
v 1.601931 -9.697101 -1.639663
v 4.507981 -8.647303 -2.047116
v 6.977356 -6.754798 -2.231059
v 8.768337 -4.204838 -2.173486
v 9.705607 -1.247030 -1.880034
v 9.838856 1.861104 -1.426998
v 8.871599 4.798214 -0.758272
v 7.040075 7.262259 0.005541
v 4.523567 9.012038 0.789671
v 1.568408 9.876274 1.517363
v -1.536130 9.770366 2.117384
v -4.486153 8.704683 2.531003
v -6.992893 6.783541 2.717728
v -8.810972 4.194996 2.659285
v -9.762426 1.192432 2.361392
v -9.754118 -1.930239 1.853210
v -8.786861 -4.867349 1.184483
v -6.955338 -7.331392 0.420671
v -4.438831 -9.081171 -0.363458
v -1.483674 -9.945406 -1.091150
v 1.620862 -9.839499 -1.691172
v 4.570885 -8.773816 -2.104790
v 7.077624 -6.852676 -2.291516
v 8.895704 -4.264132 -2.233072
v 9.847157 -1.261568 -1.935179
v 9.912126 1.889484 -1.512391
v 8.936246 4.852780 -0.837702
v 7.088393 7.338794 -0.067080
v 4.549449 9.104173 0.724041
v 1.567944 9.976112 1.458220
v -1.564273 9.869261 2.063592
v -4.540596 8.794078 2.480897
v -7.069685 6.855808 2.669288
v -8.903974 4.244184 2.610323
v -9.863910 1.214851 2.309774
v -9.855527 -1.935660 1.797062
v -8.879648 -4.898955 1.122373
v -7.031796 -7.384967 0.351751
v -4.492854 -9.150346 -0.439369
v -1.511349 -10.022285 -1.173548
v 1.620866 -9.915434 -1.778920
v 4.597189 -8.840251 -2.196225
v 7.126278 -6.901983 -2.384616
v 8.960567 -4.290360 -2.325651
v 9.920502 -1.261028 -2.025103
v 9.931596 1.914307 -1.624063
v 8.951734 4.889695 -0.946622
v 7.099546 7.375368 -0.135314
v 4.547038 9.158434 0.621494
v 1.553367 10.033932 1.358669
v -1.591630 9.926644 1.966511
v -4.580098 8.847073 2.385519
v -7.107811 6.890700 2.610578
v -8.961279 4.278615 2.515472
v -9.925133 1.236922 2.213698
v -9.916716 -1.926445 1.698893
v -8.936853 -4.901831 1.021451
v -7.069790 -7.399641 0.284975
v -4.532160 -9.170569 -0.546663
v -1.538490 -10.046066 -1.283838
v 1.606505 -9.938779 -1.891679
v 4.599671 -8.859990 -2.271870
v 7.134380 -6.913031 -2.499847
v 8.976152 -4.290752 -2.440642
v 9.940006 -1.249059 -2.138867
v 7.093137 7.396334 -0.210396
v -7.131201 6.911089 2.538778
v -7.093134 -7.396332 0.210396
v 4.590274 -8.858427 -2.349505
v 9.879442 1.933514 -1.766190
v 8.901864 4.901968 -1.090326
v 7.069793 7.399644 -0.284975
v 4.507433 9.160759 0.474135
v 1.520739 10.034216 1.209592
v -1.616928 9.927179 1.816017
v -4.598433 8.850124 2.234049
v -7.137564 6.914977 2.460917
v -8.969402 4.292313 2.363699
v -9.931009 1.257707 2.062628
v -9.922613 -1.898287 1.549023
v -8.945034 -4.866739 0.873160
v -7.099544 -7.375364 0.135314
v -4.550606 -9.125528 -0.691300
v -1.563913 -9.998985 -1.426757
v 1.573753 -9.891949 -2.033182
v 4.569918 -8.835713 -2.421531
v 7.088746 -6.873252 -2.639932
v 8.926227 -4.257085 -2.580865
v 9.887833 -1.222480 -2.279793
v 7.031798 7.384971 -0.351751
v -7.126280 6.901984 2.384617
v -7.088390 -7.338790 0.067080
v 4.540594 -8.794075 -2.480896
v 9.754122 1.930240 -1.853211
v 8.786865 4.867351 -1.184484
v 6.955341 7.331395 -0.420671
v 4.438833 9.081175 0.363459
v 1.483675 9.945410 1.091151
v -1.620863 9.839502 1.691173
v -4.570887 8.773819 2.104790
v -7.077626 6.852677 2.291516
v -8.895706 4.264132 2.233073
v -9.847160 1.261568 1.935180
v -9.838852 -1.861103 1.426998
v -8.871595 -4.798213 0.758271
v -7.040071 -7.262256 -0.005541
v -4.523565 -9.012034 -0.789671
v -1.568408 -9.876270 -1.517362
v 1.536129 -9.770363 -2.117384
v 4.486151 -8.704680 -2.531002
v 6.992891 -6.783540 -2.717728
v 8.810970 -4.194995 -2.659284
v 9.762424 -1.192432 -2.361391
v 9.603502 1.905735 -1.851888
v 8.650663 4.799066 -1.193128
v 6.846439 7.226382 -0.440701
v 4.367441 8.950081 0.331741
v 1.456331 9.801433 1.048586
v -1.601932 9.697104 1.639664
v -4.507983 8.647306 2.047117
v -6.977359 6.754800 2.231060
v -8.768339 4.204839 2.173487
v -9.705609 1.247030 1.880034
v -9.697426 -1.829096 1.379427
v -8.744587 -4.722426 0.720668
v -6.940364 -7.149741 -0.031759
v -4.461368 -8.873439 -0.804200
v -1.550259 -9.724792 -1.521045
v 1.508003 -9.620462 -2.112123
v 4.414053 -8.570665 -2.519576
v 6.883429 -6.678161 -2.703519
v 8.674408 -4.128200 -2.645946
v 9.611679 -1.170392 -2.352494
v 9.485113 1.869359 -1.762726
v 8.545281 4.723196 -1.112959
v 6.779497 7.141679 -0.398156
v 4.327456 8.846634 0.365886
v 1.449152 9.657280 1.098156
v -1.577008 9.585534 1.659588
v -4.451458 8.547152 2.062610
v -6.893982 6.675225 2.244552
v -8.665487 4.152992 2.187605
v -9.592566 1.227346 1.897344
v -9.584471 -1.815331 1.402180
v -8.641994 -4.677199 0.750585
v -6.857389 -7.078119 0.006340
v -4.387770 -8.762679 -0.729340
v -1.516397 -9.602409 -1.436399
v 1.499111 -9.521976 -2.051404
v 4.373561 -8.483592 -2.454425
v 6.802170 -6.597366 -2.602732
v 8.568703 -4.082212 -2.545946
v 9.493180 -1.164778 -2.256499
v 6.751873 7.093079 -0.343448
v 4.312438 8.767103 0.449046
v -1.548241 9.500526 1.733154
v -4.401378 8.469843 2.133187
v -6.844852 6.629244 2.284426
v -8.584158 4.108267 2.257256
v -9.504362 1.204315 1.969147
v -9.496328 -1.815799 1.477655
v -8.560839 -4.656446 0.830891
v -6.808465 -7.046900 0.058777
v 1.505066 -9.465296 -1.950319
v 4.359443 -8.444483 -2.388175
v 9.444180 1.835006 -1.619782
v 8.510973 4.668720 -0.974597
v 6.740720 7.056505 -0.275214
v 1.464881 9.568013 1.220927
v -6.806726 6.594350 2.343136
v -6.770471 -7.032226 0.125553
v -4.330883 -8.722061 -0.593683
v -1.479757 -9.555872 -1.295757
v 4.356961 -8.424745 -2.312530
v 6.780153 -6.572017 -2.453865
v 8.534230 -4.074598 -2.397479
v 9.452188 -1.177736 -2.110073
v 4.769670 1.198229 0.126539
v 4.299107 1.949974 1.384484
v 3.402198 2.523473 2.495580
v -0.764177 2.609218 4.099942
v -2.199342 2.105600 3.864046
v -3.420457 1.409202 3.238118
v -4.303334 0.545030 2.320724
v -4.766209 -0.359163 1.164369
v -4.291604 -1.981486 -1.362848
v -3.402198 -2.523472 -2.495581
v -2.176320 -2.852966 -3.365371
v -0.738658 -2.887396 -3.913928
v 0.771676 -2.640729 -4.078304
v 2.201709 -2.120026 -3.850811
v 3.413969 2.495127 2.520350
v 2.196290 2.798428 3.415848
v 0.755109 2.832942 3.965748
v -3.417248 1.379458 3.263819
v -4.766695 -1.262681 -0.084608
v -3.398966 -2.558150 -2.477075
v 2.211973 -2.154199 -3.834006
v 3.441861 -1.459262 -3.216682
v 4.328508 -0.607885 -2.284161
v 4.792515 0.298521 -1.124977
v 4.816718 1.151386 0.165445
v 4.342813 1.908470 1.432323
v 3.433127 2.475890 2.548959
v -0.756427 2.572395 4.167064
v -2.201784 2.065201 3.929493
v -3.422938 1.356163 3.295133
v -4.320718 0.493549 2.375211
v -4.786880 -0.417065 1.210645
v -4.308904 -2.050909 -1.334519
v -3.404590 -2.595769 -2.466645
v -2.178599 -2.928578 -3.351262
v -0.730727 -2.963253 -3.903715
v 0.790333 -2.714834 -4.069259
v 2.226759 -2.190347 -3.828511
v 3.457798 2.467644 2.578606
v 2.221370 2.782901 3.466383
v 0.769423 2.817673 4.020391
v -3.436970 1.341596 3.328992
v -4.793633 -1.308547 -0.060223
v -3.418519 -2.632644 -2.465310
v 2.244619 -2.224934 -3.834864
v 3.476246 -1.506597 -3.215697
v 4.369517 -0.648859 -2.276209
v 4.836991 0.264318 -1.108365
v 4.889869 1.140045 0.186463
v 4.409406 1.907606 1.470873
v 3.499637 2.478699 2.617990
v 2.249617 2.797422 3.515527
v 0.781708 2.832576 4.075625
v -0.760403 2.580719 4.243460
v -2.225761 2.066507 4.002601
v -3.470929 1.340272 3.376626
v -4.374019 0.473104 2.426810
v -4.846632 -0.450112 1.246127
v -4.842505 -1.339006 -0.049849
v -4.362042 -2.106566 -1.334259
v -3.452274 -2.677659 -2.481376
v -2.202255 -2.996382 -3.378912
v -0.734347 -3.031535 -3.939010
v 0.807763 -2.779679 -4.106845
v 2.273121 -2.265467 -3.865986
v 3.518289 -1.539232 -3.240011
v 4.421379 -0.672065 -2.290195
v 4.893992 0.251151 -1.109513
v 4.961182 1.168539 0.181564
v 4.473449 1.947713 1.485409
v 3.549914 2.527448 2.649884
v 2.280980 2.850993 3.561001
v 0.790859 2.886679 4.129575
v -0.774585 2.631012 4.299949
v -2.262116 2.109018 4.055445
v -3.526124 1.371795 3.419998
v -4.442880 0.491506 2.455810
v -4.922644 -0.445679 1.257262
v -4.918455 -1.348023 -0.058323
v -4.430721 -2.127198 -1.362168
v -3.507187 -2.706932 -2.526642
v -2.238254 -3.030477 -3.437759
v -0.748134 -3.066163 -4.006332
v 0.817309 -2.810496 -4.176706
v 2.304840 -2.288503 -3.932203
v 3.568848 -1.551280 -3.296757
v 4.485604 -0.670991 -2.332569
v 4.965368 0.266194 -1.134021
v 4.998128 1.209559 0.162170
v 4.506047 1.995681 1.477639
v 3.574278 2.580584 2.652496
v 2.294031 2.907014 3.571736
v 0.790625 2.943018 4.145379
v -0.788776 2.685071 4.317271
v -2.289569 2.158424 4.070588
v -3.564846 1.414628 3.429476
v -4.489774 0.526491 2.456692
v -4.973816 -0.419050 1.247458
v -4.969590 -1.329439 -0.079857
v -4.477508 -2.115560 -1.395325
v -3.545741 -2.700463 -2.570181
v -2.265495 -3.026893 -3.489422
v -0.762089 -3.062896 -4.063064
v 0.817311 -2.804950 -4.234956
v 2.318104 -2.278303 -3.988274
v 3.593382 -1.534507 -3.347162
v 4.518310 -0.646371 -2.374378
v 5.002352 0.299170 -1.165145
v 5.007946 1.258923 0.132325
v 4.513857 2.048252 1.453162
v 3.579902 2.618202 2.642065
v 2.292815 2.963304 3.555803
v 0.783275 2.999454 4.131786
v -0.802570 2.740456 4.304380
v -2.309487 2.211659 4.056690
v -3.584071 1.448188 3.421750
v -4.518670 0.573067 2.436209
v -5.004687 -0.376332 1.222042
v -5.000443 -1.290435 -0.110689
v -4.506354 -2.079764 -1.431525
v -3.564899 -2.681226 -2.598790
v -2.285315 -2.994815 -3.534166
v -0.775775 -3.030966 -4.110148
v 0.810070 -2.771967 -4.282743
v 2.319355 -2.257597 -4.021818
v 3.597467 -1.496340 -3.391326
v 4.526170 -0.604580 -2.414572
v 5.012187 0.344819 -1.200405
v 3.576670 2.652881 2.623559
v -3.595865 1.481469 3.404176
v -3.576670 -2.652880 -2.623559
v 2.314617 -2.228745 -4.048288
v 4.981647 1.317435 0.089825
v 4.488710 2.104924 1.407584
v 3.564899 2.681227 2.598789
v 2.272845 3.017843 3.505325
v 0.766823 3.053910 4.079966
v -0.815327 2.795515 4.252158
v -2.318732 2.267951 4.005045
v -3.599074 1.511212 3.378474
v -4.522767 0.633177 2.388340
v -5.007651 -0.314009 1.177002
v -5.003417 -1.225982 -0.152622
v -4.510479 -2.013471 -1.470381
v -3.579902 -2.618201 -2.642066
v -2.294616 -2.926390 -3.568121
v -0.788594 -2.962457 -4.142761
v 0.793555 -2.704061 -4.314953
v 2.304352 -2.194572 -4.065094
v 3.574456 -1.431407 -3.425614
v 4.500994 -0.541725 -2.451137
v 4.985878 0.405461 -1.239799
v 3.545741 2.700464 2.570181
v -3.593383 1.534508 3.347161
v -3.574278 -2.580583 -2.652496
v 2.289567 -2.158423 -4.070589
v 4.918456 1.348024 0.058321
v 4.430722 2.127199 1.362166
v 3.507187 2.706933 2.526641
v 2.238254 3.030478 3.437758
v 0.748133 3.066164 4.006332
v -0.817311 2.810497 4.176706
v -2.304842 2.288503 3.932202
v -3.568851 1.551280 3.296755
v -4.485606 0.670991 2.332567
v -4.965370 -0.266194 1.134020
v -4.961181 -1.168538 -0.181566
v -4.473448 -1.947712 -1.485410
v -3.549914 -2.527447 -2.649885
v -2.280981 -2.850992 -3.561002
v -0.790861 -2.886678 -4.129575
v 0.774583 -2.631011 -4.299949
v 2.262114 -2.109018 -4.055446
v 3.526122 -1.371794 -3.420000
v 4.442878 -0.491506 -2.455812
v 4.922642 0.445679 -1.257264
v 4.842506 1.339006 0.049847
v 4.362043 2.106567 1.334257
v 3.452274 2.677660 2.481375
v 2.202255 2.996383 3.378911
v 0.734345 3.031537 3.939010
v -0.807765 2.779680 4.106844
v -2.273124 2.265467 3.865985
v -3.518291 1.539233 3.240010
v -4.421381 0.672065 2.290194
v -4.893994 -0.251151 1.109511
v -4.889868 -1.140045 -0.186464
v -4.409405 -1.907605 -1.470874
v -3.499637 -2.478698 -2.617991
v -2.249618 -2.797421 -3.515528
v -0.781709 -2.832574 -4.075626
v 0.760401 -2.580719 -4.243460
v 2.225759 -2.066506 -4.002602
v 3.470926 -1.340271 -3.376627
v 4.374017 -0.473104 -2.426811
v 4.846630 0.450112 -1.246129
v 4.793634 1.308547 0.060222
v 4.318395 2.067762 1.330666
v 3.418519 2.632645 2.465309
v 2.178598 2.928580 3.351262
v 0.730725 2.963253 3.903715
v -0.795197 2.733556 4.073103
v -2.244622 2.224935 3.834864
v -3.476249 1.506597 3.215695
v -4.369519 0.648859 2.276207
v -4.836993 -0.264318 1.108363
v -4.816717 -1.151386 -0.165447
v -4.357673 -1.902760 -1.443964
v -3.457798 -2.467643 -2.578607
v -2.221371 -2.782900 -3.466384
v -0.769424 -2.817672 -4.020391
v 0.755917 -2.568554 -4.186401
v 2.205341 -2.059933 -3.948161
v 3.429952 -1.348879 -3.312064
v 4.320716 -0.493549 -2.375213
v 4.786878 0.417065 -1.210647
v 4.766696 1.262682 0.084606
v 4.294982 2.016266 1.345629
v 3.404590 2.595770 2.466644
v -0.780692 2.677124 4.067731
v -2.219369 2.172274 3.831258
v -3.451475 1.476043 3.212818
v -4.328510 0.607885 2.284159
v -4.792517 -0.298521 1.124975
v -4.316751 -1.924813 -1.408426
v -3.433128 -2.475889 -2.548960
v -2.196290 -2.798427 -3.415849
v -0.755110 -2.832941 -3.965748
v 0.758920 -2.585670 -4.130527
v 2.198222 -2.070467 -3.910826
v 3.398966 2.558151 2.477074
v 2.176320 2.852968 3.365370
v 0.738657 2.887397 3.913928
v -3.432251 1.442482 3.220544
v -4.769669 -1.198229 -0.126541
v -3.413969 -2.495126 -2.520351
v 2.196970 -2.091174 -3.877281
v 3.418850 -1.394330 -3.250970
v 4.303332 -0.545030 -2.320725
v 4.766207 0.359163 -1.164371
v 3.083285 1.019951 0.183811
v 2.708147 1.499278 0.999419
v 2.063936 1.839854 1.709504
v 1.226108 1.982215 2.268967
v -0.723126 1.704133 2.674649
v -1.639455 1.301909 2.489568
v -2.396485 0.780918 2.052882
v -3.077333 -1.040263 -0.169138
v -2.702195 -1.519591 -0.984745
v -2.063937 -1.839853 -1.709506
v -0.258330 -1.958863 -2.583961
v 0.729075 -1.724446 -2.659975
v 1.641399 -1.311243 -2.480675
v 2.400962 -0.791564 -2.046834
v 2.921788 -0.184417 -1.417699
v 2.072478 1.821850 1.726325
v 0.270581 1.924000 2.618934
v -2.393540 0.761585 2.070134
v -2.917319 0.145211 1.449817
v -3.153006 -0.480522 0.679308
v -2.060575 -1.862475 -1.696976
v -1.217489 -2.026722 -2.245870
v 1.649411 -1.333202 -2.469112
v 3.170278 0.421570 -0.636720
v 3.115636 0.991513 0.210895
v 2.737834 1.474245 1.032295
v 2.085365 1.810226 1.745791
v 1.245270 1.960611 2.310858
v -0.717805 1.680554 2.719421
v -1.640642 1.275474 2.533026
v -2.396899 0.746104 2.090850
v -3.088732 -1.083331 -0.144561
v -2.710929 -1.566063 -0.965960
v -2.062722 -1.887501 -1.689963
v -0.249709 -2.008454 -2.576532
v 0.744708 -1.772373 -2.653086
v 1.660759 -1.356302 -2.464908
v 2.428468 -0.832866 -2.035592
v 2.952992 -0.221407 -1.401988
v 2.101334 1.806120 1.765995
v 0.279484 1.914889 2.655466
v -2.406232 0.735991 2.113002
v -2.932232 0.122811 1.477615
v -3.169680 -0.507597 0.701350
v -2.070168 -1.912481 -1.689154
v -1.219703 -2.065348 -2.245681
v 1.674331 -1.378283 -2.468473
v 3.200844 0.401235 -0.624509
v 3.163905 0.987653 0.226516
v 2.780874 1.477065 1.059283
v 2.127471 1.815614 1.792895
v 1.267656 1.970162 2.355541
v 0.285592 1.925579 2.692144
v -0.722587 1.686230 2.769758
v -1.658195 1.275543 2.580782
v -2.429649 0.733721 2.143717
v -2.961432 0.113800 1.501345
v -3.201489 -0.523538 0.716546
v -3.126325 -1.115905 -0.133859
v -2.743294 -1.605317 -0.966626
v -2.089891 -1.943866 -1.700237
v -1.230076 -2.098414 -2.262883
v -0.248013 -2.053831 -2.599487
v 0.760166 -1.814482 -2.677100
v 1.695774 -1.403796 -2.488125
v 2.467227 -0.861974 -2.051060
v 2.999010 -0.242053 -1.408688
v 3.239068 0.395285 -0.623889
v 3.209655 1.009844 0.224707
v 2.820828 1.506662 1.070075
v 2.157539 1.850334 1.814787
v 1.284713 2.007220 2.385946
v 0.287790 1.961962 2.727643
v -0.735644 1.718992 2.806431
v -1.685409 1.302091 2.614596
v -2.468535 0.752071 2.170918
v -3.008365 0.122769 1.518826
v -3.252056 -0.524212 0.722152
v -3.175753 -1.125543 -0.141120
v -2.786927 -1.622360 -0.986488
v -2.123637 -1.966032 -1.731200
v -1.250812 -2.122918 -2.302359
v -0.253889 -2.077661 -2.644056
v 0.769545 -1.834690 -2.722844
v 1.719310 -1.417790 -2.531009
v 2.502436 -0.867769 -2.087331
v 3.042265 -0.238468 -1.435239
v 3.285955 0.408513 -0.638565
v 3.232490 1.038575 0.212458
v 2.840197 1.539822 1.065363
v 2.170993 1.886558 1.816715
v 1.290386 2.044842 2.392966
v 0.284575 1.999181 2.737710
v -0.747983 1.754044 2.817199
v -1.706216 1.333427 2.623655
v -2.496324 0.778503 2.176021
v -3.040967 0.143591 1.518115
v -3.286830 -0.509159 0.714338
v -3.209847 -1.115850 -0.156631
v -2.817554 -1.617097 -1.009535
v -2.148350 -1.963833 -1.760887
v -1.267744 -2.122118 -2.337138
v -0.261933 -2.076457 -2.681881
v 0.770625 -1.831320 -2.761371
v 1.728858 -1.410703 -2.567826
v 2.518966 -0.855779 -2.120193
v 3.063608 -0.220867 -1.462287
v 3.309471 0.431882 -0.658511
v 3.237288 1.071451 0.192634
v 2.843394 1.574744 1.049019
v 2.173141 1.911584 1.809702
v 1.287259 2.081825 2.382039
v 0.277345 2.035978 2.728189
v -0.759427 1.789840 2.808004
v -1.721570 1.367507 2.613669
v -2.510422 0.799672 2.170258
v -3.061767 0.172816 1.503618
v -3.308633 -0.482597 0.696562
v -3.231336 -1.091764 -0.177961
v -2.837442 -1.595056 -1.034345
v -2.161237 -1.952209 -1.780352
v -1.281309 -2.102138 -2.367365
v -0.271394 -2.056290 -2.713515
v 0.765377 -1.810153 -2.793329
v 1.729466 -1.397154 -2.590101
v 2.520852 -0.830631 -2.149534
v 3.067716 -0.193129 -1.488945
v 3.314582 0.462284 -0.681888
v 2.169779 1.934206 1.797171
v -2.519382 0.820965 2.158159
v -2.169780 -1.934205 -1.797173
v 1.725574 -1.378486 -2.607889
v 3.218137 1.108563 0.163569
v 2.825161 1.610682 1.017958
v 2.161236 1.952210 1.780350
v 1.272653 2.116582 2.347872
v 0.265092 2.070842 2.693215
v -0.769264 1.825278 2.772844
v -1.729164 1.403929 2.578962
v -2.522327 0.840298 2.140907
v -3.066237 0.212022 1.471498
v -3.312529 -0.441864 0.666322
v -3.235412 -1.049611 -0.206162
v -2.842436 -1.551730 -1.060551
v -2.173142 -1.911583 -1.809703
v -1.289929 -2.057630 -2.390464
v -0.282368 -2.011889 -2.735807
v 0.751987 -1.766326 -2.815435
v 1.717561 -1.356527 -2.619452
v 2.503370 -0.789087 -2.173141
v 3.048960 -0.153070 -1.514091
v 3.295251 0.500815 -0.708915
v 2.148350 1.963834 1.760885
v -2.518968 0.855779 2.120191
v -2.170995 -1.886557 -1.816716
v 1.706214 -1.333427 -2.623656
v 3.175753 1.125543 0.141118
v 2.786926 1.622361 0.986486
v 2.123636 1.966033 1.731198
v 1.250810 2.122919 2.302357
v 0.253887 2.077661 2.644055
v -0.769547 1.834690 2.722842
v -1.719312 1.417790 2.531007
v -2.502438 0.867769 2.087329
v -3.042268 0.238468 1.435237
v -3.285958 -0.408513 0.638563
v -3.209656 -1.009844 -0.224709
v -2.820829 -1.506661 -1.070077
v -2.157540 -1.850333 -1.814789
v -1.284714 -2.007219 -2.385948
v -0.287792 -1.961962 -2.727645
v 0.735642 -1.718991 -2.806432
v 1.685407 -1.302091 -2.614598
v 2.468533 -0.752070 -2.170920
v 3.008362 -0.122769 -1.518828
v 3.252053 0.524212 -0.722154
v 3.126324 1.115906 0.133857
v 2.743293 1.605318 0.966624
v 2.089890 1.943867 1.700236
v 1.230074 2.098414 2.262881
v 0.248011 2.053832 2.599485
v -0.760169 1.814483 2.677099
v -1.695777 1.403796 2.488123
v -2.467230 0.861974 2.051058
v -2.999013 0.242053 1.408686
v -3.239071 -0.395285 0.623887
v -3.163906 -0.987652 -0.226518
v -2.780875 -1.477064 -1.059285
v -2.127472 -1.815614 -1.792896
v -1.267657 -1.970161 -2.355542
v -0.285594 -1.925578 -2.692146
v 0.722585 -1.686229 -2.769759
v 1.658193 -1.275543 -2.580784
v 2.429646 -0.733721 -2.143719
v 2.961429 -0.113800 -1.501347
v 3.201487 0.523538 -0.716548
v 3.095332 1.093523 0.139805
v 2.716466 1.577613 0.963517
v 2.070167 1.912482 1.689151
v 1.219701 2.065348 2.245679
v 0.249707 2.008455 2.576531
v -0.748899 1.784504 2.655392
v -1.674334 1.378284 2.468472
v -2.437398 0.842353 2.036159
v -2.952995 0.221407 1.401986
v -3.189776 -0.407231 0.627899
v -3.126499 -0.987161 -0.216651
v -2.747633 -1.471251 -1.040362
v -2.101335 -1.806119 -1.765997
v -1.245272 -1.960610 -2.310860
v -0.279486 -1.914888 -2.655468
v 0.717730 -1.678142 -2.732237
v 1.643165 -1.271921 -2.545316
v 2.406229 -0.735991 -2.113004
v 2.932230 -0.122811 -1.477618
v 3.162868 0.499050 -0.694238
v 3.079209 1.062104 0.155610
v 2.703153 1.542604 0.973213
v 2.062721 1.887502 1.689961
v 1.217488 2.026722 2.245868
v -0.736516 1.747960 2.652543
v -1.655088 1.344752 2.467009
v -2.419543 0.823380 2.035021
v -3.096484 -1.003152 -0.198203
v -2.720428 -1.483652 -1.015806
v -2.085366 -1.810225 -1.745792
v -0.270583 -1.923999 -2.618935
v 0.719239 -1.689008 -2.695135
v 1.638115 -1.279026 -2.520738
v 2.395217 -0.753844 -2.080494
v 2.917317 -0.145211 -1.449819
v 2.060573 1.862476 1.696974
v 0.258328 1.958864 2.583960
v -2.405445 0.802211 2.040783
v -2.921791 0.184417 1.417697
v -3.156902 -0.439788 0.649068
v -2.072479 -1.821849 -1.726327
v -1.226110 -1.982214 -2.268969
v 1.637507 -1.292575 -2.498464
v 3.150947 0.460102 -0.663747
v 7.747565 7.208512 -3.654608
v 4.973049 9.348903 -3.656457
v 1.699170 10.558784 -3.335828
v -1.740200 10.736277 -2.684570
v -5.008389 9.864004 -1.766434
v -7.789141 8.010299 -0.712674
v -9.799650 5.406104 0.493655
v -10.853720 2.256846 1.614375
v -10.844517 -1.112149 2.581162
v -9.772940 -4.371103 3.299382
v -7.747562 -7.208508 3.654608
v -1.682087 -10.534727 3.419487
v 5.013783 -9.845797 1.807130
v 10.904406 1.161831 -2.424152
v 9.830208 4.428761 -3.144130
v 7.774371 7.241612 -3.575535
v -7.781834 8.044405 -0.629909
v -7.740202 -7.193501 3.742853
v -4.951867 -9.324815 3.828730
v 1.777807 -10.715584 2.854466
v 5.037158 -9.834098 1.893057
v 7.837885 -8.000032 0.836261
v 9.856977 -5.372371 -0.331536
v 10.913626 -2.215408 -1.454998
v 7.817998 7.289566 -3.513375
v 5.038371 9.457544 -3.535473
v 1.741243 10.676018 -3.212567
v -1.722552 10.854771 -2.556685
v -5.013950 9.976304 -1.632028
v -7.794792 8.095279 -0.557034
v -9.839236 5.486747 0.644111
v -10.900791 2.315125 1.772789
v -10.891522 -1.077795 2.746442
v -9.812336 -4.359892 3.469762
v -7.753009 -7.198055 3.831634
v -1.664026 -10.567286 3.590720
v 5.070828 -9.848257 1.975109
v 11.005620 1.198321 -2.345540
v 9.923395 4.489656 -3.070897
v 7.874177 7.347678 -3.474213
v -7.826747 8.157939 -0.501184
v -7.784729 -7.221725 3.912259
v -4.969110 -9.366668 3.954055
v 1.810838 -10.767827 2.972512
v 5.111499 -9.886889 2.045254
v 7.916190 -8.031988 0.939231
v 9.950366 -5.384696 -0.237291
v 11.014909 -2.204149 -1.369145
v 11.135324 1.223764 -2.328655
v 10.041203 4.551282 -3.061985
v 7.969454 7.440723 -3.469735
v 5.122882 9.609246 -3.511991
v 1.780125 10.844583 -3.184616
v -1.731604 11.025808 -2.519657
v -5.068553 10.135185 -1.582204
v -7.904077 8.259892 -0.464022
v -9.960615 5.583497 0.725434
v -11.036860 2.367983 1.869732
v -11.027464 -1.071892 2.856859
v -9.933341 -4.399409 3.590189
v -7.861596 -7.288847 3.997939
v -5.015025 -9.457371 4.040195
v -1.672269 -10.692707 3.712821
v 1.839458 -10.873934 3.047862
v 5.176406 -9.983311 2.110409
v 8.011930 -8.108018 0.992227
v 10.068468 -5.431623 -0.197228
v 11.144714 -2.216111 -1.341526
v 11.297719 1.233698 -2.393738
v 10.187041 4.611567 -3.138165
v 8.083946 7.544728 -3.552085
v 5.194302 9.746063 -3.594980
v 1.800965 11.000092 -3.262652
v -1.763900 11.184061 -2.587631
v -5.151340 10.279961 -1.635993
v -8.029769 8.376291 -0.500891
v -10.117425 5.659399 0.706563
v -11.209957 2.395231 1.868175
v -11.200417 -1.096693 2.870238
v -10.089740 -4.474559 3.614665
v -7.986647 -7.407719 4.028584
v -5.097003 -9.609054 4.071480
v -1.703667 -10.863082 3.739151
v 1.861197 -11.047050 3.064131
v 5.248636 -10.142952 2.112494
v 8.127064 -8.239285 0.977393
v 10.214721 -5.522393 -0.230061
v 11.307251 -2.258225 -1.391673
v 11.381853 1.221338 -2.496324
v 10.261273 4.629321 -3.247388
v 8.139429 7.588633 -3.664998
v 5.224022 9.809595 -3.708276
v 1.800432 11.074802 -3.372984
v -1.796216 11.260412 -2.691945
v -5.213857 10.348251 -1.731824
v -8.117948 8.427610 -0.586602
v -10.224217 5.686496 0.631617
v -11.326488 2.393226 1.803586
v -11.316863 -1.129830 2.814583
v -10.196284 -4.537811 3.565647
v -8.074440 -7.497122 3.983256
v -5.159035 -9.718082 4.026534
v -1.735446 -10.983292 3.691243
v 1.861201 -11.168900 3.010205
v 5.278841 -10.256741 2.050083
v 8.182931 -8.336102 0.904862
v 10.289201 -5.594987 -0.313357
v 11.391471 -2.301718 -1.485325
v 11.404210 1.192408 -2.624459
v 10.279058 4.614296 -3.378587
v 8.152237 7.593187 -3.753779
v 5.221253 9.815706 -3.841355
v 1.783694 11.086079 -3.504696
v -1.827629 11.272444 -2.820879
v -5.259214 10.356562 -1.856839
v -8.161727 8.435085 -0.664668
v -10.290020 5.675785 0.516245
v -11.396788 2.369078 1.692995
v -11.387123 -1.168353 2.708118
v -10.261972 -4.590240 3.462246
v -8.118068 -7.545075 3.921097
v -5.204169 -9.791649 3.925014
v -1.766611 -11.062019 3.588355
v 1.844711 -11.248385 2.904538
v 5.281691 -10.314299 1.981194
v 8.192235 -8.404028 0.790605
v 10.307098 -5.651730 -0.432585
v 11.413867 -2.345023 -1.609335
v 8.144876 7.578179 -3.842024
v -8.188585 8.421083 -0.749222
v -8.144873 -7.578175 3.842023
v 5.270900 -10.350709 1.899803
v 11.344324 1.142726 -2.781470
v 10.221794 4.556641 -3.533841
v 8.118072 7.545079 -3.921098
v 5.175776 9.745928 -3.995530
v 1.746228 11.013339 -3.659656
v -1.856679 11.199272 -2.977432
v -5.280268 10.285523 -2.015639
v -8.195891 8.386976 -0.831987
v -10.299347 5.615655 0.351915
v -11.403537 2.316654 1.525923
v -11.393894 -1.212533 2.538680
v -10.271366 -4.626446 3.291051
v -8.152233 -7.593184 3.753778
v -5.225350 -9.815733 3.752740
v -1.795803 -11.083142 3.416866
v 1.807103 -11.269073 2.734642
v 5.247525 -10.362407 1.813876
v 8.139835 -8.431345 0.625635
v 10.249770 -5.685462 -0.594703
v 11.353959 -2.386461 -1.768711
v 8.074444 7.497126 -3.983258
v -8.182933 8.336103 -0.904861
v -8.139426 -7.588630 3.664997
v 5.213855 -10.348248 1.731823
v 11.200421 1.096693 -2.870239
v 10.089744 4.474561 -3.614666
v 7.986650 7.407722 -4.028585
v 5.097004 9.609057 -4.071480
v 1.703668 10.863086 -3.739152
v -1.861198 11.047054 -3.064132
v -5.248638 10.142955 -2.112494
v -8.127068 8.239286 -0.977392
v -10.214723 5.522394 0.230062
v -11.307255 2.258226 1.391674
v -11.297714 -1.233698 2.393738
v -10.187037 -4.611565 3.138164
v -8.083944 -7.544724 3.552083
v -5.194301 -9.746059 3.594979
v -1.800965 -11.000088 3.262651
v 1.763899 -11.184055 2.587630
v 5.151339 -10.279957 1.635993
v 8.029766 -8.376289 0.500892
v 10.117423 -5.659398 -0.706562
v 11.209953 -2.395231 -1.868174
v 11.027468 1.071892 -2.856860
v 9.933346 4.399411 -3.590190
v 7.861599 7.288852 -3.997940
v 5.015026 9.457375 -4.040196
v 1.672270 10.692711 -3.712821
v -1.839460 10.873938 -3.047863
v -5.176408 9.983314 -2.110409
v -8.011932 8.108020 -0.992227
v -10.068470 5.431625 0.197229
v -11.144716 2.216111 1.341526
v -11.135319 -1.223763 2.328654
v -10.041197 -4.551280 3.061984
v -7.969451 -7.440719 3.469734
v -5.122880 -9.609243 3.511990
v -1.780124 -10.844578 3.184615
v 1.731603 -11.025805 2.519657
v 5.068551 -10.135181 1.582204
v 7.904074 -8.259890 0.464022
v 9.960611 -5.583495 -0.725434
v 11.036858 -2.367983 -1.869731
v 10.891526 1.077796 -2.746443
v 9.812340 4.359894 -3.469763
v 7.784732 7.221729 -3.912260
v 4.969112 9.366672 -3.954056
v 1.662704 10.588574 -3.630241
v -1.810839 10.767831 -2.972513
v -5.111502 9.886891 -2.045254
v -7.916192 8.031990 -0.939230
v -9.950368 5.384698 0.237291
v -11.014911 2.204149 1.369146
v -11.005616 -1.198321 2.345540
v -9.923391 -4.489655 3.070896
v -7.874174 -7.347674 3.474212
v -5.038369 -9.457541 3.535472
v -1.752149 -10.714520 3.192194
v 1.722550 -10.854767 2.556684
v 5.022054 -10.012837 1.607207
v 7.810767 -8.126606 0.529109
v 9.839234 -5.486745 -0.644110
v 10.900789 -2.315124 -1.772788
v 7.753012 7.198059 -3.831635
v 4.951868 9.324818 -3.828731
v 1.669978 10.537662 -3.507317
v -1.777808 10.715588 -2.854466
v -5.053995 9.841181 -1.934083
v -7.859777 8.003772 -0.875294
v -9.856979 5.372372 0.331537
v -10.913628 2.215408 1.454998
v -10.904402 -1.161831 2.424151
v -9.830203 -4.428759 3.144129
v -7.817996 -7.289562 3.513374
v -1.719553 -10.607465 3.264527
v 5.005842 -9.939765 1.656849
v 10.844521 1.112150 -2.581163
v 9.772943 4.371104 -3.299383
v 7.740205 7.193504 -3.742854
v -7.815998 7.996296 -0.797228
v -7.774367 -7.241609 3.575534
v -4.973047 -9.348899 3.656456
v 1.740199 -10.736273 2.684570
v 5.002993 -9.882206 1.725738
v 7.785485 -8.027349 0.671292
v 9.799648 -5.406103 -0.493655
v 10.853718 -2.256846 -1.614374